20257.4047 312613.0250 1293.8934 298838.000000000 0.0000 0.0000 301.8405
20257.9144 312613.3415 1293.8934 298838.010000000 0.0000 0.0000 301.8405
20258.4241 312613.6581 1293.8934 298838.020000000 0.0000 0.0000 301.8405
20258.9339 312613.9746 1293.8934 298838.030000000 0.0000 0.0000 301.8405
20259.4436 312614.2911 1293.8934 298838.040000000 0.0000 0.0000 301.8405
20259.9533 312614.6077 1293.8934 298838.050000000 0.0000 0.0000 301.8405
20260.4630 312614.9242 1293.8934 298838.060000000 0.0000 0.0000 301.8405
20260.9727 312615.2407 1293.8934 298838.070000000 0.0000 0.0000 301.8405
20261.4824 312615.5573 1293.8934 298838.080000000 0.0000 0.0000 301.8405
20261.9921 312615.8738 1293.8934 298838.090000000 0.0000 0.0000 301.8405
20262.5018 312616.1903 1293.8934 298838.100000000 0.0000 0.0000 301.8405
20263.0115 312616.5069 1293.8934 298838.110000000 0.0000 0.0000 301.8405
20263.5213 312616.8234 1293.8934 298838.120000000 0.0000 0.0000 301.8405
20264.0310 312617.1399 1293.8934 298838.130000000 0.0000 0.0000 301.8405
20264.5407 312617.4565 1293.8934 298838.140000000 0.0000 0.0000 301.8405
20265.0504 312617.7730 1293.8934 298838.150000000 0.0000 0.0000 301.8405
20265.5601 312618.0895 1293.8934 298838.160000000 0.0000 0.0000 301.8405
20266.0698 312618.4061 1293.8934 298838.170000000 0.0000 0.0000 301.8405
20266.5795 312618.7226 1293.8934 298838.180000000 0.0000 0.0000 301.8405
20267.0892 312619.0391 1293.8934 298838.190000000 0.0000 0.0000 301.8405
20267.5990 312619.3557 1293.8934 298838.200000000 0.0000 0.0000 301.8405
20268.1087 312619.6722 1293.8934 298838.210000000 0.0000 0.0000 301.8405
20268.6184 312619.9887 1293.8934 298838.220000000 0.0000 0.0000 301.8405
20269.1281 312620.3053 1293.8934 298838.230000000 0.0000 0.0000 301.8405
20269.6378 312620.6218 1293.8934 298838.240000000 0.0000 0.0000 301.8405
20270.1475 312620.9383 1293.8934 298838.250000000 0.0000 0.0000 301.8405
20270.6572 312621.2549 1293.8934 298838.260000000 0.0000 0.0000 301.8405
20271.1669 312621.5714 1293.8934 298838.270000000 0.0000 0.0000 301.8405
20271.6767 312621.8879 1293.8934 298838.280000000 0.0000 0.0000 301.8405
20272.1864 312622.2045 1293.8934 298838.290000000 0.0000 0.0000 301.8405
20272.6961 312622.5210 1293.8934 298838.300000000 0.0000 0.0000 301.8405
20273.2058 312622.8375 1293.8934 298838.310000000 0.0000 0.0000 301.8405
20273.7155 312623.1541 1293.8934 298838.320000000 0.0000 0.0000 301.8405
20274.2252 312623.4706 1293.8934 298838.330000000 0.0000 0.0000 301.8405
20274.7349 312623.7871 1293.8934 298838.340000000 0.0000 0.0000 301.8405
20275.2446 312624.1037 1293.8934 298838.350000000 0.0000 0.0000 301.8405
20275.7544 312624.4202 1293.8934 298838.360000000 0.0000 0.0000 301.8405
20276.2641 312624.7367 1293.8934 298838.370000000 0.0000 0.0000 301.8405
20276.7738 312625.0533 1293.8934 298838.380000000 0.0000 0.0000 301.8405
20277.2835 312625.3698 1293.8934 298838.390000000 0.0000 0.0000 301.8405
20277.7932 312625.6863 1293.8934 298838.400000000 0.0000 0.0000 301.8405
20278.3029 312626.0029 1293.8934 298838.410000000 0.0000 0.0000 301.8405
20278.8126 312626.3194 1293.8934 298838.420000000 0.0000 0.0000 301.8405
20279.3223 312626.6359 1293.8934 298838.430000000 0.0000 0.0000 301.8405
20279.8320 312626.9525 1293.8934 298838.440000000 0.0000 0.0000 301.8405
20280.3418 312627.2690 1293.8934 298838.450000000 0.0000 0.0000 301.8405
20280.8515 312627.5855 1293.8934 298838.460000000 0.0000 0.0000 301.8405
20281.3612 312627.9021 1293.8934 298838.470000000 0.0000 0.0000 301.8405
20281.8709 312628.2186 1293.8934 298838.480000000 0.0000 0.0000 301.8405
20282.3806 312628.5351 1293.8934 298838.490000000 0.0000 0.0000 301.8405
20282.8903 312628.8517 1293.8934 298838.500000000 0.0000 0.0000 301.8405
20283.4000 312629.1682 1293.8934 298838.510000000 0.0000 0.0000 301.8405
20283.9097 312629.4847 1293.8934 298838.520000000 0.0000 0.0000 301.8405
20284.4195 312629.8013 1293.8934 298838.530000000 0.0000 0.0000 301.8405
20284.9292 312630.1178 1293.8934 298838.540000000 0.0000 0.0000 301.8405
20285.4389 312630.4343 1293.8934 298838.550000000 0.0000 0.0000 301.8405
20285.9486 312630.7509 1293.8934 298838.560000000 0.0000 0.0000 301.8405
20286.4583 312631.0674 1293.8934 298838.570000000 0.0000 0.0000 301.8405
20286.9680 312631.3839 1293.8934 298838.580000000 0.0000 0.0000 301.8405
20287.4777 312631.7005 1293.8934 298838.590000000 0.0000 0.0000 301.8405
20287.9874 312632.0170 1293.8934 298838.600000000 0.0000 0.0000 301.8405
20288.4972 312632.3335 1293.8934 298838.610000000 0.0000 0.0000 301.8405
20289.0069 312632.6501 1293.8934 298838.620000000 0.0000 0.0000 301.8405
20289.5166 312632.9666 1293.8934 298838.630000000 0.0000 0.0000 301.8405
20290.0263 312633.2831 1293.8934 298838.640000000 0.0000 0.0000 301.8405
20290.5360 312633.5997 1293.8934 298838.650000000 0.0000 0.0000 301.8405
20291.0457 312633.9162 1293.8934 298838.660000000 0.0000 0.0000 301.8405
20291.5554 312634.2327 1293.8934 298838.670000000 0.0000 0.0000 301.8405
20292.0651 312634.5493 1293.8934 298838.680000000 0.0000 0.0000 301.8405
20292.5749 312634.8658 1293.8934 298838.690000000 0.0000 0.0000 301.8405
20293.0846 312635.1824 1293.8934 298838.700000000 0.0000 0.0000 301.8405
20293.5943 312635.4989 1293.8934 298838.710000000 0.0000 0.0000 301.8405
20294.1040 312635.8154 1293.8934 298838.720000000 0.0000 0.0000 301.8405
20294.6137 312636.1320 1293.8934 298838.730000000 0.0000 0.0000 301.8405
20295.1234 312636.4485 1293.8934 298838.740000000 0.0000 0.0000 301.8405
20295.6331 312636.7650 1293.8934 298838.750000000 0.0000 0.0000 301.8405
20296.1428 312637.0816 1293.8934 298838.760000000 0.0000 0.0000 301.8405
20296.6526 312637.3981 1293.8934 298838.770000000 0.0000 0.0000 301.8405
20297.1623 312637.7146 1293.8934 298838.780000000 0.0000 0.0000 301.8405
20297.6720 312638.0312 1293.8934 298838.790000000 0.0000 0.0000 301.8405
20298.1817 312638.3477 1293.8934 298838.800000000 0.0000 0.0000 301.8405
20298.6914 312638.6642 1293.8934 298838.810000000 0.0000 0.0000 301.8405
20299.2011 312638.9808 1293.8934 298838.820000000 0.0000 0.0000 301.8405
20299.7108 312639.2973 1293.8934 298838.830000000 0.0000 0.0000 301.8405
20300.2205 312639.6138 1293.8934 298838.840000000 0.0000 0.0000 301.8405
20300.7302 312639.9304 1293.8934 298838.850000000 0.0000 0.0000 301.8405
20301.2400 312640.2469 1293.8934 298838.860000000 0.0000 0.0000 301.8405
20301.7497 312640.5634 1293.8934 298838.870000000 0.0000 0.0000 301.8405
20302.2594 312640.8800 1293.8934 298838.880000000 0.0000 0.0000 301.8405
20302.7691 312641.1965 1293.8934 298838.890000000 0.0000 0.0000 301.8405
20303.2788 312641.5130 1293.8934 298838.900000000 0.0000 0.0000 301.8405
20303.7885 312641.8296 1293.8934 298838.910000000 0.0000 0.0000 301.8405
20304.2982 312642.1461 1293.8934 298838.920000000 0.0000 0.0000 301.8405
20304.8079 312642.4626 1293.8934 298838.930000000 0.0000 0.0000 301.8405
20305.3177 312642.7792 1293.8934 298838.940000000 0.0000 0.0000 301.8405
20305.8274 312643.0957 1293.8934 298838.950000000 0.0000 0.0000 301.8405
20306.3371 312643.4122 1293.8934 298838.960000000 0.0000 0.0000 301.8405
20306.8468 312643.7288 1293.8934 298838.970000000 0.0000 0.0000 301.8405
20307.3565 312644.0453 1293.8934 298838.980000000 0.0000 0.0000 301.8405
20307.8662 312644.3618 1293.8934 298838.990000000 0.0000 0.0000 301.8405
20308.3759 312644.6784 1293.8934 298839.000000000 0.0000 0.0000 301.8405
20308.8856 312644.9949 1293.8934 298839.010000000 0.0000 0.0000 301.8405
20309.3954 312645.3114 1293.8934 298839.020000000 0.0000 0.0000 301.8405
20309.9051 312645.6280 1293.8934 298839.030000000 0.0000 0.0000 301.8405
20310.4148 312645.9445 1293.8934 298839.040000000 0.0000 0.0000 301.8405
20310.9245 312646.2610 1293.8934 298839.050000000 0.0000 0.0000 301.8405
20311.4342 312646.5776 1293.8934 298839.060000000 0.0000 0.0000 301.8405
20311.9439 312646.8941 1293.8934 298839.070000000 0.0000 0.0000 301.8405
20312.4536 312647.2106 1293.8934 298839.080000000 0.0000 0.0000 301.8405
20312.9633 312647.5272 1293.8934 298839.090000000 0.0000 0.0000 301.8405
20313.4731 312647.8437 1293.8934 298839.100000000 0.0000 0.0000 301.8405
20313.9828 312648.1602 1293.8934 298839.110000000 0.0000 0.0000 301.8405
20314.4925 312648.4768 1293.8934 298839.120000000 0.0000 0.0000 301.8405
20315.0022 312648.7933 1293.8934 298839.130000000 0.0000 0.0000 301.8405
20315.5119 312649.1098 1293.8934 298839.140000000 0.0000 0.0000 301.8405
20316.0216 312649.4264 1293.8934 298839.150000000 0.0000 0.0000 301.8405
20316.5313 312649.7429 1293.8934 298839.160000000 0.0000 0.0000 301.8405
20317.0410 312650.0594 1293.8934 298839.170000000 0.0000 0.0000 301.8405
20317.5507 312650.3760 1293.8934 298839.180000000 0.0000 0.0000 301.8405
20318.0605 312650.6925 1293.8934 298839.190000000 0.0000 0.0000 301.8405
20318.5702 312651.0090 1293.8934 298839.200000000 0.0000 0.0000 301.8405
20319.0799 312651.3256 1293.8934 298839.210000000 0.0000 0.0000 301.8405
20319.5896 312651.6421 1293.8934 298839.220000000 0.0000 0.0000 301.8405
20320.0993 312651.9586 1293.8934 298839.230000000 0.0000 0.0000 301.8405
20320.6090 312652.2752 1293.8934 298839.240000000 0.0000 0.0000 301.8405
20321.1187 312652.5917 1293.8934 298839.250000000 0.0000 0.0000 301.8405
20321.6284 312652.9082 1293.8934 298839.260000000 0.0000 0.0000 301.8405
20322.1382 312653.2248 1293.8934 298839.270000000 0.0000 0.0000 301.8405
20322.6479 312653.5413 1293.8934 298839.280000000 0.0000 0.0000 301.8405
20323.1576 312653.8578 1293.8934 298839.290000000 0.0000 0.0000 301.8405
20323.6673 312654.1744 1293.8934 298839.300000000 0.0000 0.0000 301.8405
20324.1770 312654.4909 1293.8934 298839.310000000 0.0000 0.0000 301.8405
20324.6867 312654.8074 1293.8934 298839.320000000 0.0000 0.0000 301.8405
20325.1964 312655.1240 1293.8934 298839.330000000 0.0000 0.0000 301.8405
20325.7061 312655.4405 1293.8934 298839.340000000 0.0000 0.0000 301.8405
20326.2159 312655.7570 1293.8934 298839.350000000 0.0000 0.0000 301.8405
20326.7256 312656.0736 1293.8934 298839.360000000 0.0000 0.0000 301.8405
20327.2353 312656.3901 1293.8934 298839.370000000 0.0000 0.0000 301.8405
20327.7450 312656.7066 1293.8934 298839.380000000 0.0000 0.0000 301.8405
20328.2547 312657.0232 1293.8934 298839.390000000 0.0000 0.0000 301.8405
20328.7644 312657.3397 1293.8934 298839.400000000 0.0000 0.0000 301.8405
20329.2741 312657.6562 1293.8934 298839.410000000 0.0000 0.0000 301.8405
20329.7838 312657.9728 1293.8934 298839.420000000 0.0000 0.0000 301.8405
20330.2936 312658.2893 1293.8934 298839.430000000 0.0000 0.0000 301.8405
20330.8033 312658.6058 1293.8934 298839.440000000 0.0000 0.0000 301.8405
20331.3130 312658.9224 1293.8934 298839.450000000 0.0000 0.0000 301.8405
20331.8227 312659.2389 1293.8934 298839.460000000 0.0000 0.0000 301.8405
20332.3324 312659.5554 1293.8934 298839.470000000 0.0000 0.0000 301.8405
20332.8421 312659.8720 1293.8934 298839.480000000 0.0000 0.0000 301.8405
20333.3518 312660.1885 1293.8934 298839.490000000 0.0000 0.0000 301.8405
20333.8615 312660.5050 1293.8934 298839.500000000 0.0000 0.0000 301.8405
20334.3713 312660.8216 1293.8934 298839.510000000 0.0000 0.0000 301.8405
20334.8810 312661.1381 1293.8934 298839.520000000 0.0000 0.0000 301.8405
20335.3907 312661.4546 1293.8934 298839.530000000 0.0000 0.0000 301.8405
20335.9004 312661.7712 1293.8934 298839.540000000 0.0000 0.0000 301.8405
20336.4101 312662.0877 1293.8934 298839.550000000 0.0000 0.0000 301.8405
20336.9198 312662.4042 1293.8934 298839.560000000 0.0000 0.0000 301.8405
20337.4295 312662.7208 1293.8934 298839.570000000 0.0000 0.0000 301.8405
20337.9392 312663.0373 1293.8934 298839.580000000 0.0000 0.0000 301.8405
20338.4489 312663.3538 1293.8934 298839.590000000 0.0000 0.0000 301.8405
20338.9587 312663.6704 1293.8934 298839.600000000 0.0000 0.0000 301.8405
20339.4684 312663.9869 1293.8934 298839.610000000 0.0000 0.0000 301.8405
20339.9781 312664.3034 1293.8934 298839.620000000 0.0000 0.0000 301.8405
20340.4878 312664.6200 1293.8934 298839.630000000 0.0000 0.0000 301.8405
20340.9975 312664.9365 1293.8934 298839.640000000 0.0000 0.0000 301.8405
20341.5072 312665.2530 1293.8934 298839.650000000 0.0000 0.0000 301.8405
20342.0169 312665.5696 1293.8934 298839.660000000 0.0000 0.0000 301.8405
20342.5266 312665.8861 1293.8934 298839.670000000 0.0000 0.0000 301.8405
20343.0364 312666.2026 1293.8934 298839.680000000 0.0000 0.0000 301.8405
20343.5461 312666.5192 1293.8934 298839.690000000 0.0000 0.0000 301.8405
20344.0558 312666.8357 1293.8934 298839.700000000 0.0000 0.0000 301.8405
20344.5655 312667.1522 1293.8934 298839.710000000 0.0000 0.0000 301.8405
20345.0752 312667.4688 1293.8934 298839.720000000 0.0000 0.0000 301.8405
20345.5849 312667.7853 1293.8934 298839.730000000 0.0000 0.0000 301.8405
20346.0946 312668.1018 1293.8934 298839.740000000 0.0000 0.0000 301.8405
20346.6043 312668.4184 1293.8934 298839.750000000 0.0000 0.0000 301.8405
20347.1141 312668.7349 1293.8934 298839.760000000 0.0000 0.0000 301.8405
20347.6238 312669.0514 1293.8934 298839.770000000 0.0000 0.0000 301.8405
20348.1335 312669.3680 1293.8934 298839.780000000 0.0000 0.0000 301.8405
20348.6432 312669.6845 1293.8934 298839.790000000 0.0000 0.0000 301.8405
20349.1529 312670.0010 1293.8934 298839.800000000 0.0000 0.0000 301.8405
20349.6626 312670.3176 1293.8934 298839.810000000 0.0000 0.0000 301.8405
20350.1723 312670.6341 1293.8934 298839.820000000 0.0000 0.0000 301.8405
20350.6820 312670.9506 1293.8934 298839.830000000 0.0000 0.0000 301.8405
20351.1918 312671.2672 1293.8934 298839.840000000 0.0000 0.0000 301.8405
20351.7015 312671.5837 1293.8934 298839.850000000 0.0000 0.0000 301.8405
20352.2112 312671.9002 1293.8934 298839.860000000 0.0000 0.0000 301.8405
20352.7209 312672.2168 1293.8934 298839.870000000 0.0000 0.0000 301.8405
20353.2306 312672.5333 1293.8934 298839.880000000 0.0000 0.0000 301.8405
20353.7403 312672.8498 1293.8934 298839.890000000 0.0000 0.0000 301.8405
20354.2500 312673.1664 1293.8934 298839.900000000 0.0000 0.0000 301.8405
20354.7597 312673.4829 1293.8934 298839.910000000 0.0000 0.0000 301.8405
20355.2695 312673.7994 1293.8934 298839.920000000 0.0000 0.0000 301.8405
20355.7792 312674.1160 1293.8934 298839.930000000 0.0000 0.0000 301.8405
20356.2889 312674.4325 1293.8934 298839.940000000 0.0000 0.0000 301.8405
20356.7986 312674.7490 1293.8934 298839.950000000 0.0000 0.0000 301.8405
20357.3083 312675.0656 1293.8934 298839.960000000 0.0000 0.0000 301.8405
20357.8180 312675.3821 1293.8934 298839.970000000 0.0000 0.0000 301.8405
20358.3277 312675.6986 1293.8934 298839.980000000 0.0000 0.0000 301.8405
20358.8374 312676.0152 1293.8934 298839.990000000 0.0000 0.0000 301.8405
20359.3471 312676.3317 1293.8934 298840.000000000 0.0000 0.0000 301.8405
20359.8569 312676.6482 1293.8934 298840.010000000 0.0000 0.0000 301.8405
20360.3666 312676.9648 1293.8934 298840.020000000 0.0000 0.0000 301.8405
20360.8763 312677.2813 1293.8934 298840.030000000 0.0000 0.0000 301.8405
20361.3860 312677.5979 1293.8934 298840.040000000 0.0000 0.0000 301.8405
20361.8957 312677.9144 1293.8934 298840.050000000 0.0000 0.0000 301.8405
20362.4054 312678.2309 1293.8934 298840.060000000 0.0000 0.0000 301.8405
20362.9151 312678.5475 1293.8934 298840.070000000 0.0000 0.0000 301.8405
20363.4248 312678.8640 1293.8934 298840.080000000 0.0000 0.0000 301.8405
20363.9346 312679.1805 1293.8934 298840.090000000 0.0000 0.0000 301.8405
20364.4443 312679.4971 1293.8934 298840.100000000 0.0000 0.0000 301.8405
20364.9540 312679.8136 1293.8934 298840.110000000 0.0000 0.0000 301.8405
20365.4637 312680.1301 1293.8934 298840.120000000 0.0000 0.0000 301.8405
20365.9734 312680.4467 1293.8934 298840.130000000 0.0000 0.0000 301.8405
20366.4831 312680.7632 1293.8934 298840.140000000 0.0000 0.0000 301.8405
20366.9928 312681.0797 1293.8934 298840.150000000 0.0000 0.0000 301.8405
20367.5025 312681.3963 1293.8934 298840.160000000 0.0000 0.0000 301.8405
20368.0123 312681.7128 1293.8934 298840.170000000 0.0000 0.0000 301.8405
20368.5220 312682.0293 1293.8934 298840.180000000 0.0000 0.0000 301.8405
20369.0317 312682.3459 1293.8934 298840.190000000 0.0000 0.0000 301.8405
20369.5414 312682.6624 1293.8934 298840.200000000 0.0000 0.0000 301.8405
20370.0511 312682.9789 1293.8934 298840.210000000 0.0000 0.0000 301.8405
20370.5608 312683.2955 1293.8934 298840.220000000 0.0000 0.0000 301.8405
20371.0705 312683.6120 1293.8934 298840.230000000 0.0000 0.0000 301.8405
20371.5802 312683.9285 1293.8934 298840.240000000 0.0000 0.0000 301.8405
20372.0900 312684.2451 1293.8934 298840.250000000 0.0000 0.0000 301.8405
20372.5997 312684.5616 1293.8934 298840.260000000 0.0000 0.0000 301.8405
20373.1094 312684.8781 1293.8934 298840.270000000 0.0000 0.0000 301.8405
20373.6191 312685.1947 1293.8934 298840.280000000 0.0000 0.0000 301.8405
20374.1288 312685.5112 1293.8934 298840.290000000 0.0000 0.0000 301.8405
20374.6385 312685.8277 1293.8934 298840.300000000 0.0000 0.0000 301.8405
20375.1482 312686.1443 1293.8934 298840.310000000 0.0000 0.0000 301.8405
20375.6579 312686.4608 1293.8934 298840.320000000 0.0000 0.0000 301.8405
20376.1676 312686.7773 1293.8934 298840.330000000 0.0000 0.0000 301.8405
20376.6774 312687.0939 1293.8934 298840.340000000 0.0000 0.0000 301.8405
20377.1871 312687.4104 1293.8934 298840.350000000 0.0000 0.0000 301.8405
20377.6968 312687.7269 1293.8934 298840.360000000 0.0000 0.0000 301.8405
20378.2065 312688.0435 1293.8934 298840.370000000 0.0000 0.0000 301.8405
20378.7162 312688.3600 1293.8934 298840.380000000 0.0000 0.0000 301.8405
20379.2259 312688.6765 1293.8934 298840.390000000 0.0000 0.0000 301.8405
20379.7356 312688.9931 1293.8934 298840.400000000 0.0000 0.0000 301.8405
20380.2453 312689.3096 1293.8934 298840.410000000 0.0000 0.0000 301.8405
20380.7551 312689.6261 1293.8934 298840.420000000 0.0000 0.0000 301.8405
20381.2648 312689.9427 1293.8934 298840.430000000 0.0000 0.0000 301.8405
20381.7745 312690.2592 1293.8934 298840.440000000 0.0000 0.0000 301.8405
20382.2842 312690.5757 1293.8934 298840.450000000 0.0000 0.0000 301.8405
20382.7939 312690.8923 1293.8934 298840.460000000 0.0000 0.0000 301.8405
20383.3036 312691.2088 1293.8934 298840.470000000 0.0000 0.0000 301.8405
20383.8133 312691.5253 1293.8934 298840.480000000 0.0000 0.0000 301.8405
20384.3230 312691.8419 1293.8934 298840.490000000 0.0000 0.0000 301.8405
20384.8328 312692.1584 1293.8934 298840.500000000 0.0000 0.0000 301.8405
20385.3425 312692.4749 1293.8934 298840.510000000 0.0000 0.0000 301.8405
20385.8522 312692.7915 1293.8934 298840.520000000 0.0000 0.0000 301.8405
20386.3619 312693.1080 1293.8934 298840.530000000 0.0000 0.0000 301.8405
20386.8716 312693.4245 1293.8934 298840.540000000 0.0000 0.0000 301.8405
20387.3813 312693.7411 1293.8934 298840.550000000 0.0000 0.0000 301.8405
20387.8910 312694.0576 1293.8934 298840.560000000 0.0000 0.0000 301.8405
20388.4007 312694.3741 1293.8934 298840.570000000 0.0000 0.0000 301.8405
20388.9105 312694.6907 1293.8934 298840.580000000 0.0000 0.0000 301.8405
20389.4202 312695.0072 1293.8934 298840.590000000 0.0000 0.0000 301.8405
20389.9299 312695.3237 1293.8934 298840.600000000 0.0000 0.0000 301.8405
20390.4396 312695.6403 1293.8934 298840.610000000 0.0000 0.0000 301.8405
20390.9493 312695.9568 1293.8934 298840.620000000 0.0000 0.0000 301.8405
20391.4590 312696.2733 1293.8934 298840.630000000 0.0000 0.0000 301.8405
20391.9687 312696.5899 1293.8934 298840.640000000 0.0000 0.0000 301.8405
20392.4784 312696.9064 1293.8934 298840.650000000 0.0000 0.0000 301.8405
20392.9882 312697.2229 1293.8934 298840.660000000 0.0000 0.0000 301.8405
20393.4979 312697.5395 1293.8934 298840.670000000 0.0000 0.0000 301.8405
20394.0076 312697.8560 1293.8934 298840.680000000 0.0000 0.0000 301.8405
20394.5173 312698.1725 1293.8934 298840.690000000 0.0000 0.0000 301.8405
20395.0270 312698.4891 1293.8934 298840.700000000 0.0000 0.0000 301.8405
20395.5367 312698.8056 1293.8934 298840.710000000 0.0000 0.0000 301.8405
20396.0464 312699.1221 1293.8934 298840.720000000 0.0000 0.0000 301.8405
20396.5561 312699.4387 1293.8934 298840.730000000 0.0000 0.0000 301.8405
20397.0658 312699.7552 1293.8934 298840.740000000 0.0000 0.0000 301.8405
20397.5756 312700.0717 1293.8934 298840.750000000 0.0000 0.0000 301.8405
20398.0853 312700.3883 1293.8934 298840.760000000 0.0000 0.0000 301.8405
20398.5950 312700.7048 1293.8934 298840.770000000 0.0000 0.0000 301.8405
20399.1047 312701.0213 1293.8934 298840.780000000 0.0000 0.0000 301.8405
20399.6144 312701.3379 1293.8934 298840.790000000 0.0000 0.0000 301.8405
20400.1241 312701.6544 1293.8934 298840.800000000 0.0000 0.0000 301.8405
20400.6338 312701.9709 1293.8934 298840.810000000 0.0000 0.0000 301.8405
20401.1435 312702.2875 1293.8934 298840.820000000 0.0000 0.0000 301.8405
20401.6533 312702.6040 1293.8934 298840.830000000 0.0000 0.0000 301.8405
20402.1630 312702.9205 1293.8934 298840.840000000 0.0000 0.0000 301.8405
20402.6727 312703.2371 1293.8934 298840.850000000 0.0000 0.0000 301.8405
20403.1824 312703.5536 1293.8934 298840.860000000 0.0000 0.0000 301.8405
20403.6921 312703.8701 1293.8934 298840.870000000 0.0000 0.0000 301.8405
20404.2018 312704.1867 1293.8934 298840.880000000 0.0000 0.0000 301.8405
20404.7115 312704.5032 1293.8934 298840.890000000 0.0000 0.0000 301.8405
20405.2212 312704.8197 1293.8934 298840.900000000 0.0000 0.0000 301.8405
20405.7310 312705.1363 1293.8934 298840.910000000 0.0000 0.0000 301.8405
20406.2407 312705.4528 1293.8934 298840.920000000 0.0000 0.0000 301.8405
20406.7504 312705.7693 1293.8934 298840.930000000 0.0000 0.0000 301.8405
20407.2601 312706.0859 1293.8934 298840.940000000 0.0000 0.0000 301.8405
20407.7698 312706.4024 1293.8934 298840.950000000 0.0000 0.0000 301.8405
20408.2795 312706.7189 1293.8934 298840.960000000 0.0000 0.0000 301.8405
20408.7892 312707.0355 1293.8934 298840.970000000 0.0000 0.0000 301.8405
20409.2989 312707.3520 1293.8934 298840.980000000 0.0000 0.0000 301.8405
20409.8087 312707.6685 1293.8934 298840.990000000 0.0000 0.0000 301.8405
20410.3184 312707.9851 1293.8934 298841.000000000 0.0000 0.0000 301.8405
20410.8281 312708.3016 1293.8934 298841.010000000 0.0000 0.0000 301.8405
20411.3378 312708.6181 1293.8934 298841.020000000 0.0000 0.0000 301.8405
20411.8475 312708.9347 1293.8934 298841.030000000 0.0000 0.0000 301.8405
20412.3572 312709.2512 1293.8934 298841.040000000 0.0000 0.0000 301.8405
20412.8669 312709.5677 1293.8934 298841.050000000 0.0000 0.0000 301.8405
20413.3766 312709.8843 1293.8934 298841.060000000 0.0000 0.0000 301.8405
20413.8863 312710.2008 1293.8934 298841.070000000 0.0000 0.0000 301.8405
20414.3961 312710.5173 1293.8934 298841.080000000 0.0000 0.0000 301.8405
20414.9058 312710.8339 1293.8934 298841.090000000 0.0000 0.0000 301.8405
20415.4155 312711.1504 1293.8934 298841.100000000 0.0000 0.0000 301.8405
20415.9252 312711.4669 1293.8934 298841.110000000 0.0000 0.0000 301.8405
20416.4349 312711.7835 1293.8934 298841.120000000 0.0000 0.0000 301.8405
20416.9446 312712.1000 1293.8934 298841.130000000 0.0000 0.0000 301.8405
20417.4543 312712.4165 1293.8934 298841.140000000 0.0000 0.0000 301.8405
20417.9640 312712.7331 1293.8934 298841.150000000 0.0000 0.0000 301.8405
20418.4738 312713.0496 1293.8934 298841.160000000 0.0000 0.0000 301.8405
20418.9835 312713.3661 1293.8934 298841.170000000 0.0000 0.0000 301.8405
20419.4932 312713.6827 1293.8934 298841.180000000 0.0000 0.0000 301.8405
20420.0029 312713.9992 1293.8934 298841.190000000 0.0000 0.0000 301.8405
20420.5126 312714.3157 1293.8934 298841.200000000 0.0000 0.0000 301.8405
20421.0223 312714.6323 1293.8934 298841.210000000 0.0000 0.0000 301.8405
20421.5320 312714.9488 1293.8934 298841.220000000 0.0000 0.0000 301.8405
20422.0417 312715.2653 1293.8934 298841.230000000 0.0000 0.0000 301.8405
20422.5515 312715.5819 1293.8934 298841.240000000 0.0000 0.0000 301.8405
20423.0612 312715.8984 1293.8934 298841.250000000 0.0000 0.0000 301.8405
20423.5709 312716.2149 1293.8934 298841.260000000 0.0000 0.0000 301.8405
20424.0806 312716.5315 1293.8934 298841.270000000 0.0000 0.0000 301.8405
20424.5903 312716.8480 1293.8934 298841.280000000 0.0000 0.0000 301.8405
20425.1000 312717.1645 1293.8934 298841.290000000 0.0000 0.0000 301.8405
20425.6097 312717.4811 1293.8934 298841.300000000 0.0000 0.0000 301.8405
20426.1194 312717.7976 1293.8934 298841.310000000 0.0000 0.0000 301.8405
20426.6292 312718.1141 1293.8934 298841.320000000 0.0000 0.0000 301.8405
20427.1389 312718.4307 1293.8934 298841.330000000 0.0000 0.0000 301.8405
20427.6486 312718.7472 1293.8934 298841.340000000 0.0000 0.0000 301.8405
20428.1583 312719.0637 1293.8934 298841.350000000 0.0000 0.0000 301.8405
20428.6680 312719.3803 1293.8934 298841.360000000 0.0000 0.0000 301.8405
20429.1777 312719.6968 1293.8934 298841.370000000 0.0000 0.0000 301.8405
20429.6874 312720.0134 1293.8934 298841.380000000 0.0000 0.0000 301.8405
20430.1971 312720.3299 1293.8934 298841.390000000 0.0000 0.0000 301.8405
20430.7069 312720.6464 1293.8934 298841.400000000 0.0000 0.0000 301.8405
20431.2166 312720.9630 1293.8934 298841.410000000 0.0000 0.0000 301.8405
20431.7263 312721.2795 1293.8934 298841.420000000 0.0000 0.0000 301.8405
20432.2360 312721.5960 1293.8934 298841.430000000 0.0000 0.0000 301.8405
20432.7457 312721.9126 1293.8934 298841.440000000 0.0000 0.0000 301.8405
20433.2554 312722.2291 1293.8934 298841.450000000 0.0000 0.0000 301.8405
20433.7651 312722.5456 1293.8934 298841.460000000 0.0000 0.0000 301.8405
20434.2748 312722.8622 1293.8934 298841.470000000 0.0000 0.0000 301.8405
20434.7845 312723.1787 1293.8934 298841.480000000 0.0000 0.0000 301.8405
20435.2943 312723.4952 1293.8934 298841.490000000 0.0000 0.0000 301.8405
20435.8040 312723.8118 1293.8934 298841.500000000 0.0000 0.0000 301.8405
20436.3137 312724.1283 1293.8934 298841.510000000 0.0000 0.0000 301.8405
20436.8234 312724.4448 1293.8934 298841.520000000 0.0000 0.0000 301.8405
20437.3331 312724.7614 1293.8934 298841.530000000 0.0000 0.0000 301.8405
20437.8428 312725.0779 1293.8934 298841.540000000 0.0000 0.0000 301.8405
20438.3525 312725.3944 1293.8934 298841.550000000 0.0000 0.0000 301.8405
20438.8622 312725.7110 1293.8934 298841.560000000 0.0000 0.0000 301.8405
20439.3720 312726.0275 1293.8934 298841.570000000 0.0000 0.0000 301.8405
20439.8817 312726.3440 1293.8934 298841.580000000 0.0000 0.0000 301.8405
20440.3914 312726.6606 1293.8934 298841.590000000 0.0000 0.0000 301.8405
20440.9011 312726.9771 1293.8934 298841.600000000 0.0000 0.0000 301.8405
20441.4108 312727.2936 1293.8934 298841.610000000 0.0000 0.0000 301.8405
20441.9205 312727.6102 1293.8934 298841.620000000 0.0000 0.0000 301.8405
20442.4302 312727.9267 1293.8934 298841.630000000 0.0000 0.0000 301.8405
20442.9399 312728.2432 1293.8934 298841.640000000 0.0000 0.0000 301.8405
20443.4497 312728.5598 1293.8934 298841.650000000 0.0000 0.0000 301.8405
20443.9594 312728.8763 1293.8934 298841.660000000 0.0000 0.0000 301.8405
20444.4691 312729.1928 1293.8934 298841.670000000 0.0000 0.0000 301.8405
20444.9788 312729.5094 1293.8934 298841.680000000 0.0000 0.0000 301.8405
20445.4885 312729.8259 1293.8934 298841.690000000 0.0000 0.0000 301.8405
20445.9982 312730.1424 1293.8934 298841.700000000 0.0000 0.0000 301.8405
20446.5079 312730.4590 1293.8934 298841.710000000 0.0000 0.0000 301.8405
20447.0176 312730.7755 1293.8934 298841.720000000 0.0000 0.0000 301.8405
20447.5274 312731.0920 1293.8934 298841.730000000 0.0000 0.0000 301.8405
20448.0371 312731.4086 1293.8934 298841.740000000 0.0000 0.0000 301.8405
20448.5468 312731.7251 1293.8934 298841.750000000 0.0000 0.0000 301.8405
20449.0565 312732.0416 1293.8934 298841.760000000 0.0000 0.0000 301.8405
20449.5662 312732.3582 1293.8934 298841.770000000 0.0000 0.0000 301.8405
20450.0759 312732.6747 1293.8934 298841.780000000 0.0000 0.0000 301.8405
20450.5856 312732.9912 1293.8934 298841.790000000 0.0000 0.0000 301.8405
20451.0953 312733.3078 1293.8934 298841.800000000 0.0000 0.0000 301.8405
20451.6050 312733.6243 1293.8934 298841.810000000 0.0000 0.0000 301.8405
20452.1148 312733.9408 1293.8934 298841.820000000 0.0000 0.0000 301.8405
20452.6245 312734.2574 1293.8934 298841.830000000 0.0000 0.0000 301.8405
20453.1342 312734.5739 1293.8934 298841.840000000 0.0000 0.0000 301.8405
20453.6439 312734.8904 1293.8934 298841.850000000 0.0000 0.0000 301.8405
20454.1536 312735.2070 1293.8934 298841.860000000 0.0000 0.0000 301.8405
20454.6633 312735.5235 1293.8934 298841.870000000 0.0000 0.0000 301.8405
20455.1730 312735.8400 1293.8934 298841.880000000 0.0000 0.0000 301.8405
20455.6827 312736.1566 1293.8934 298841.890000000 0.0000 0.0000 301.8405
20456.1925 312736.4731 1293.8934 298841.900000000 0.0000 0.0000 301.8405
20456.7022 312736.7896 1293.8934 298841.910000000 0.0000 0.0000 301.8405
20457.2119 312737.1062 1293.8934 298841.920000000 0.0000 0.0000 301.8405
20457.7216 312737.4227 1293.8934 298841.930000000 0.0000 0.0000 301.8405
20458.2313 312737.7392 1293.8934 298841.940000000 0.0000 0.0000 301.8405
20458.7410 312738.0558 1293.8934 298841.950000000 0.0000 0.0000 301.8405
20459.2507 312738.3723 1293.8934 298841.960000000 0.0000 0.0000 301.8405
20459.7604 312738.6888 1293.8934 298841.970000000 0.0000 0.0000 301.8405
20460.2702 312739.0054 1293.8934 298841.980000000 0.0000 0.0000 301.8405
20460.7799 312739.3219 1293.8934 298841.990000000 0.0000 0.0000 301.8405
20461.2896 312739.6384 1293.8934 298842.000000000 0.0000 0.0000 301.8405
20461.7993 312739.9550 1293.8934 298842.010000000 0.0000 0.0000 301.8405
20462.3090 312740.2715 1293.8934 298842.020000000 0.0000 0.0000 301.8405
20462.8187 312740.5880 1293.8934 298842.030000000 0.0000 0.0000 301.8405
20463.3284 312740.9046 1293.8934 298842.040000000 0.0000 0.0000 301.8405
20463.8381 312741.2211 1293.8934 298842.050000000 0.0000 0.0000 301.8405
20464.3479 312741.5376 1293.8934 298842.060000000 0.0000 0.0000 301.8405
20464.8576 312741.8542 1293.8934 298842.070000000 0.0000 0.0000 301.8405
20465.3673 312742.1707 1293.8934 298842.080000000 0.0000 0.0000 301.8405
20465.8770 312742.4872 1293.8934 298842.090000000 0.0000 0.0000 301.8405
20466.3867 312742.8038 1293.8934 298842.100000000 0.0000 0.0000 301.8405
20466.8964 312743.1203 1293.8934 298842.110000000 0.0000 0.0000 301.8405
20467.4061 312743.4368 1293.8934 298842.120000000 0.0000 0.0000 301.8405
20467.9158 312743.7534 1293.8934 298842.130000000 0.0000 0.0000 301.8405
20468.4256 312744.0699 1293.8934 298842.140000000 0.0000 0.0000 301.8405
20468.9353 312744.3864 1293.8934 298842.150000000 0.0000 0.0000 301.8405
20469.4450 312744.7030 1293.8934 298842.160000000 0.0000 0.0000 301.8405
20469.9547 312745.0195 1293.8934 298842.170000000 0.0000 0.0000 301.8405
20470.4644 312745.3360 1293.8934 298842.180000000 0.0000 0.0000 301.8405
20470.9741 312745.6526 1293.8934 298842.190000000 0.0000 0.0000 301.8405
20471.4838 312745.9691 1293.8934 298842.200000000 0.0000 0.0000 301.8405
20471.9935 312746.2856 1293.8934 298842.210000000 0.0000 0.0000 301.8405
