20577.5834 312575.7034 1293.8934 298845.563480000 -0.0000 0.0000 118.2705
20577.0550 312575.4192 1293.8934 298845.573480000 -0.0000 0.0000 118.2705
20576.5265 312575.1350 1293.8934 298845.583480000 -0.0000 0.0000 118.2705
20575.9981 312574.8508 1293.8934 298845.593480000 -0.0000 0.0000 118.2705
20575.4697 312574.5666 1293.8934 298845.603480000 -0.0000 0.0000 118.2705
20574.9412 312574.2825 1293.8934 298845.613480000 -0.0000 0.0000 118.2705
20574.4128 312573.9983 1293.8934 298845.623480000 -0.0000 0.0000 118.2705
20573.8844 312573.7141 1293.8934 298845.633480000 -0.0000 0.0000 118.2705
20573.3559 312573.4299 1293.8934 298845.643480000 -0.0000 0.0000 118.2705
20572.8275 312573.1458 1293.8934 298845.653480000 -0.0000 0.0000 118.2705
20572.2991 312572.8616 1293.8934 298845.663480000 -0.0000 0.0000 118.2705
20571.7706 312572.5774 1293.8934 298845.673480000 -0.0000 0.0000 118.2705
20571.2422 312572.2932 1293.8934 298845.683480000 -0.0000 0.0000 118.2705
20570.7138 312572.0090 1293.8934 298845.693480000 -0.0000 0.0000 118.2705
20570.1853 312571.7249 1293.8934 298845.703480000 -0.0000 0.0000 118.2705
20569.6569 312571.4407 1293.8934 298845.713480000 -0.0000 0.0000 118.2705
20569.1285 312571.1565 1293.8934 298845.723480000 -0.0000 0.0000 118.2705
20568.6000 312570.8723 1293.8934 298845.733480000 -0.0000 0.0000 118.2705
20568.0716 312570.5881 1293.8934 298845.743480000 -0.0000 0.0000 118.2705
20567.5432 312570.3040 1293.8934 298845.753480000 -0.0000 0.0000 118.2705
20567.0147 312570.0198 1293.8934 298845.763480000 -0.0000 0.0000 118.2705
20566.4863 312569.7356 1293.8934 298845.773480000 -0.0000 0.0000 118.2705
20565.9579 312569.4514 1293.8934 298845.783480000 -0.0000 0.0000 118.2705
20565.4294 312569.1672 1293.8934 298845.793480000 -0.0000 0.0000 118.2705
20564.9010 312568.8831 1293.8934 298845.803480000 -0.0000 0.0000 118.2705
20564.3726 312568.5989 1293.8934 298845.813480000 -0.0000 0.0000 118.2705
20563.8441 312568.3147 1293.8934 298845.823480000 -0.0000 0.0000 118.2705
20563.3157 312568.0305 1293.8934 298845.833480000 -0.0000 0.0000 118.2705
20562.7873 312567.7463 1293.8934 298845.843480000 -0.0000 0.0000 118.2705
20562.2588 312567.4622 1293.8934 298845.853480000 -0.0000 0.0000 118.2705
20561.7304 312567.1780 1293.8934 298845.863480000 -0.0000 0.0000 118.2705
20561.2020 312566.8938 1293.8934 298845.873480000 -0.0000 0.0000 118.2705
20560.6735 312566.6096 1293.8934 298845.883480000 -0.0000 0.0000 118.2705
20560.1451 312566.3255 1293.8934 298845.893480000 -0.0000 0.0000 118.2705
20559.6167 312566.0413 1293.8934 298845.903480000 -0.0000 0.0000 118.2705
20559.0882 312565.7571 1293.8934 298845.913480000 -0.0000 0.0000 118.2705
20558.5598 312565.4729 1293.8934 298845.923480000 -0.0000 0.0000 118.2705
20558.0314 312565.1887 1293.8934 298845.933480000 -0.0000 0.0000 118.2705
20557.5029 312564.9046 1293.8934 298845.943480000 -0.0000 0.0000 118.2705
20556.9745 312564.6204 1293.8934 298845.953480000 -0.0000 0.0000 118.2705
20556.4461 312564.3362 1293.8934 298845.963480000 -0.0000 0.0000 118.2705
20555.9176 312564.0520 1293.8934 298845.973480000 -0.0000 0.0000 118.2705
20555.3892 312563.7678 1293.8934 298845.983480000 -0.0000 0.0000 118.2705
20554.8608 312563.4837 1293.8934 298845.993480000 -0.0000 0.0000 118.2705
20554.3323 312563.1995 1293.8934 298846.003480000 -0.0000 0.0000 118.2705
20553.8039 312562.9153 1293.8934 298846.013480000 -0.0000 0.0000 118.2705
20553.2755 312562.6311 1293.8934 298846.023480000 -0.0000 0.0000 118.2705
20552.7470 312562.3469 1293.8934 298846.033480000 -0.0000 0.0000 118.2705
20552.2186 312562.0628 1293.8934 298846.043480000 -0.0000 0.0000 118.2705
20551.6902 312561.7786 1293.8934 298846.053480000 -0.0000 0.0000 118.2705
20551.1617 312561.4944 1293.8934 298846.063480000 -0.0000 0.0000 118.2705
20550.6333 312561.2102 1293.8934 298846.073480000 -0.0000 0.0000 118.2705
20550.1049 312560.9260 1293.8934 298846.083480000 -0.0000 0.0000 118.2705
20549.5764 312560.6419 1293.8934 298846.093480000 -0.0000 0.0000 118.2705
20549.0480 312560.3577 1293.8934 298846.103480000 -0.0000 0.0000 118.2705
20548.5196 312560.0735 1293.8934 298846.113480000 -0.0000 0.0000 118.2705
20547.9911 312559.7893 1293.8934 298846.123480000 -0.0000 0.0000 118.2705
20547.4627 312559.5051 1293.8934 298846.133480000 -0.0000 0.0000 118.2705
20546.9343 312559.2210 1293.8934 298846.143480000 -0.0000 0.0000 118.2705
20546.4058 312558.9368 1293.8934 298846.153480000 -0.0000 0.0000 118.2705
20545.8774 312558.6526 1293.8934 298846.163480000 -0.0000 0.0000 118.2705
20545.3490 312558.3684 1293.8934 298846.173480000 -0.0000 0.0000 118.2705
20544.8205 312558.0843 1293.8934 298846.183480000 -0.0000 0.0000 118.2705
20544.2921 312557.8001 1293.8934 298846.193480000 -0.0000 0.0000 118.2705
20543.7637 312557.5159 1293.8934 298846.203480000 -0.0000 0.0000 118.2705
20543.2352 312557.2317 1293.8934 298846.213480000 -0.0000 0.0000 118.2705
20542.7068 312556.9475 1293.8934 298846.223480000 -0.0000 0.0000 118.2705
20542.1784 312556.6634 1293.8934 298846.233480000 -0.0000 0.0000 118.2705
20541.6499 312556.3792 1293.8934 298846.243480000 -0.0000 0.0000 118.2705
20541.1215 312556.0950 1293.8934 298846.253480000 -0.0000 0.0000 118.2705
20540.5931 312555.8108 1293.8934 298846.263480000 -0.0000 0.0000 118.2705
20540.0646 312555.5266 1293.8934 298846.273480000 -0.0000 0.0000 118.2705
20539.5362 312555.2425 1293.8934 298846.283480000 -0.0000 0.0000 118.2705
20539.0078 312554.9583 1293.8934 298846.293480000 -0.0000 0.0000 118.2705
20538.4793 312554.6741 1293.8934 298846.303480000 -0.0000 0.0000 118.2705
20537.9509 312554.3899 1293.8934 298846.313480000 -0.0000 0.0000 118.2705
20537.4225 312554.1057 1293.8934 298846.323480000 -0.0000 0.0000 118.2705
20536.8940 312553.8216 1293.8934 298846.333480000 -0.0000 0.0000 118.2705
20536.3656 312553.5374 1293.8934 298846.343480000 -0.0000 0.0000 118.2705
20535.8372 312553.2532 1293.8934 298846.353480000 -0.0000 0.0000 118.2705
20535.3087 312552.9690 1293.8934 298846.363480000 -0.0000 0.0000 118.2705
20534.7803 312552.6848 1293.8934 298846.373480000 -0.0000 0.0000 118.2705
20534.2519 312552.4007 1293.8934 298846.383480000 -0.0000 0.0000 118.2705
20533.7234 312552.1165 1293.8934 298846.393480000 -0.0000 0.0000 118.2705
20533.1950 312551.8323 1293.8934 298846.403480000 -0.0000 0.0000 118.2705
20532.6665 312551.5481 1293.8934 298846.413480000 -0.0000 0.0000 118.2705
20532.1381 312551.2640 1293.8934 298846.423480000 -0.0000 0.0000 118.2705
20531.6097 312550.9798 1293.8934 298846.433480000 -0.0000 0.0000 118.2705
20531.0812 312550.6956 1293.8934 298846.443480000 -0.0000 0.0000 118.2705
20530.5528 312550.4114 1293.8934 298846.453480000 -0.0000 0.0000 118.2705
20530.0244 312550.1272 1293.8934 298846.463480000 -0.0000 0.0000 118.2705
20529.4959 312549.8431 1293.8934 298846.473480000 -0.0000 0.0000 118.2705
20528.9675 312549.5589 1293.8934 298846.483480000 -0.0000 0.0000 118.2705
20528.4391 312549.2747 1293.8934 298846.493480000 -0.0000 0.0000 118.2705
20527.9106 312548.9905 1293.8934 298846.503480000 -0.0000 0.0000 118.2705
20527.3822 312548.7063 1293.8934 298846.513480000 -0.0000 0.0000 118.2705
20526.8538 312548.4222 1293.8934 298846.523480000 -0.0000 0.0000 118.2705
20526.3253 312548.1380 1293.8934 298846.533480000 -0.0000 0.0000 118.2705
20525.7969 312547.8538 1293.8934 298846.543480000 -0.0000 0.0000 118.2705
20525.2685 312547.5696 1293.8934 298846.553480000 -0.0000 0.0000 118.2705
20524.7400 312547.2854 1293.8934 298846.563480000 -0.0000 0.0000 118.2705
20524.2116 312547.0013 1293.8934 298846.573480000 -0.0000 0.0000 118.2705
20523.6832 312546.7171 1293.8934 298846.583480000 -0.0000 0.0000 118.2705
20523.1547 312546.4329 1293.8934 298846.593480000 -0.0000 0.0000 118.2705
20522.6263 312546.1487 1293.8934 298846.603480000 -0.0000 0.0000 118.2705
20522.0979 312545.8645 1293.8934 298846.613480000 -0.0000 0.0000 118.2705
20521.5694 312545.5804 1293.8934 298846.623480000 -0.0000 0.0000 118.2705
20521.0410 312545.2962 1293.8934 298846.633480000 -0.0000 0.0000 118.2705
20520.5126 312545.0120 1293.8934 298846.643480000 -0.0000 0.0000 118.2705
20519.9841 312544.7278 1293.8934 298846.653480000 -0.0000 0.0000 118.2705
20519.4557 312544.4436 1293.8934 298846.663480000 -0.0000 0.0000 118.2705
20518.9273 312544.1595 1293.8934 298846.673480000 -0.0000 0.0000 118.2705
20518.3988 312543.8753 1293.8934 298846.683480000 -0.0000 0.0000 118.2705
20517.8704 312543.5911 1293.8934 298846.693480000 -0.0000 0.0000 118.2705
20517.3420 312543.3069 1293.8934 298846.703480000 -0.0000 0.0000 118.2705
20516.8135 312543.0228 1293.8934 298846.713480000 -0.0000 0.0000 118.2705
20516.2851 312542.7386 1293.8934 298846.723480000 -0.0000 0.0000 118.2705
20515.7567 312542.4544 1293.8934 298846.733480000 -0.0000 0.0000 118.2705
20515.2282 312542.1702 1293.8934 298846.743480000 -0.0000 0.0000 118.2705
20514.6998 312541.8860 1293.8934 298846.753480000 -0.0000 0.0000 118.2705
20514.1714 312541.6019 1293.8934 298846.763480000 -0.0000 0.0000 118.2705
20513.6429 312541.3177 1293.8934 298846.773480000 -0.0000 0.0000 118.2705
20513.1145 312541.0335 1293.8934 298846.783480000 -0.0000 0.0000 118.2705
20512.5861 312540.7493 1293.8934 298846.793480000 -0.0000 0.0000 118.2705
20512.0576 312540.4651 1293.8934 298846.803480000 -0.0000 0.0000 118.2705
20511.5292 312540.1810 1293.8934 298846.813480000 -0.0000 0.0000 118.2705
20511.0008 312539.8968 1293.8934 298846.823480000 -0.0000 0.0000 118.2705
20510.4723 312539.6126 1293.8934 298846.833480000 -0.0000 0.0000 118.2705
20509.9439 312539.3284 1293.8934 298846.843480000 -0.0000 0.0000 118.2705
20509.4155 312539.0442 1293.8934 298846.853480000 -0.0000 0.0000 118.2705
20508.8870 312538.7601 1293.8934 298846.863480000 -0.0000 0.0000 118.2705
20508.3586 312538.4759 1293.8934 298846.873480000 -0.0000 0.0000 118.2705
20507.8302 312538.1917 1293.8934 298846.883480000 -0.0000 0.0000 118.2705
20507.3017 312537.9075 1293.8934 298846.893480000 -0.0000 0.0000 118.2705
20506.7733 312537.6233 1293.8934 298846.903480000 -0.0000 0.0000 118.2705
20506.2449 312537.3392 1293.8934 298846.913480000 -0.0000 0.0000 118.2705
20505.7164 312537.0550 1293.8934 298846.923480000 -0.0000 0.0000 118.2705
20505.1880 312536.7708 1293.8934 298846.933480000 -0.0000 0.0000 118.2705
20504.6596 312536.4866 1293.8934 298846.943480000 -0.0000 0.0000 118.2705
20504.1311 312536.2025 1293.8934 298846.953480000 -0.0000 0.0000 118.2705
20503.6027 312535.9183 1293.8934 298846.963480000 -0.0000 0.0000 118.2705
20503.0743 312535.6341 1293.8934 298846.973480000 -0.0000 0.0000 118.2705
20502.5458 312535.3499 1293.8934 298846.983480000 -0.0000 0.0000 118.2705
20502.0174 312535.0657 1293.8934 298846.993480000 -0.0000 0.0000 118.2705
20501.4890 312534.7816 1293.8934 298847.003480000 -0.0000 0.0000 118.2705
20500.9605 312534.4974 1293.8934 298847.013480000 -0.0000 0.0000 118.2705
20500.4321 312534.2132 1293.8934 298847.023480000 -0.0000 0.0000 118.2705
20499.9037 312533.9290 1293.8934 298847.033480000 -0.0000 0.0000 118.2705
20499.3752 312533.6448 1293.8934 298847.043480000 -0.0000 0.0000 118.2705
20498.8468 312533.3607 1293.8934 298847.053480000 -0.0000 0.0000 118.2705
20498.3184 312533.0765 1293.8934 298847.063480000 -0.0000 0.0000 118.2705
20497.7899 312532.7923 1293.8934 298847.073480000 -0.0000 0.0000 118.2705
20497.2615 312532.5081 1293.8934 298847.083480000 -0.0000 0.0000 118.2705
20496.7331 312532.2239 1293.8934 298847.093480000 -0.0000 0.0000 118.2705
20496.2046 312531.9398 1293.8934 298847.103480000 -0.0000 0.0000 118.2705
20495.6762 312531.6556 1293.8934 298847.113480000 -0.0000 0.0000 118.2705
20495.1478 312531.3714 1293.8934 298847.123480000 -0.0000 0.0000 118.2705
20494.6193 312531.0872 1293.8934 298847.133480000 -0.0000 0.0000 118.2705
20494.0909 312530.8030 1293.8934 298847.143480000 -0.0000 0.0000 118.2705
20493.5625 312530.5189 1293.8934 298847.153480000 -0.0000 0.0000 118.2705
20493.0340 312530.2347 1293.8934 298847.163480000 -0.0000 0.0000 118.2705
20492.5056 312529.9505 1293.8934 298847.173480000 -0.0000 0.0000 118.2705
20491.9772 312529.6663 1293.8934 298847.183480000 -0.0000 0.0000 118.2705
20491.4487 312529.3821 1293.8934 298847.193480000 -0.0000 0.0000 118.2705
20490.9203 312529.0980 1293.8934 298847.203480000 -0.0000 0.0000 118.2705
20490.3919 312528.8138 1293.8934 298847.213480000 -0.0000 0.0000 118.2705
20489.8634 312528.5296 1293.8934 298847.223480000 -0.0000 0.0000 118.2705
20489.3350 312528.2454 1293.8934 298847.233480000 -0.0000 0.0000 118.2705
20488.8066 312527.9613 1293.8934 298847.243480000 -0.0000 0.0000 118.2705
20488.2781 312527.6771 1293.8934 298847.253480000 -0.0000 0.0000 118.2705
20487.7497 312527.3929 1293.8934 298847.263480000 -0.0000 0.0000 118.2705
20487.2213 312527.1087 1293.8934 298847.273480000 -0.0000 0.0000 118.2705
20486.6928 312526.8245 1293.8934 298847.283480000 -0.0000 0.0000 118.2705
20486.1644 312526.5404 1293.8934 298847.293480000 -0.0000 0.0000 118.2705
20485.6360 312526.2562 1293.8934 298847.303480000 -0.0000 0.0000 118.2705
20485.1075 312525.9720 1293.8934 298847.313480000 -0.0000 0.0000 118.2705
20484.5791 312525.6878 1293.8934 298847.323480000 -0.0000 0.0000 118.2705
20484.0507 312525.4036 1293.8934 298847.333480000 -0.0000 0.0000 118.2705
20483.5222 312525.1195 1293.8934 298847.343480000 -0.0000 0.0000 118.2705
20482.9938 312524.8353 1293.8934 298847.353480000 -0.0000 0.0000 118.2705
20482.4653 312524.5511 1293.8934 298847.363480000 -0.0000 0.0000 118.2705
20481.9369 312524.2669 1293.8934 298847.373480000 -0.0000 0.0000 118.2705
20481.4085 312523.9827 1293.8934 298847.383480000 -0.0000 0.0000 118.2705
20480.8800 312523.6986 1293.8934 298847.393480000 -0.0000 0.0000 118.2705
20480.3516 312523.4144 1293.8934 298847.403480000 -0.0000 0.0000 118.2705
20479.8232 312523.1302 1293.8934 298847.413480000 -0.0000 0.0000 118.2705
20479.2947 312522.8460 1293.8934 298847.423480000 -0.0000 0.0000 118.2705
20478.7663 312522.5618 1293.8934 298847.433480000 -0.0000 0.0000 118.2705
20478.2379 312522.2777 1293.8934 298847.443480000 -0.0000 0.0000 118.2705
20477.7094 312521.9935 1293.8934 298847.453480000 -0.0000 0.0000 118.2705
20477.1810 312521.7093 1293.8934 298847.463480000 -0.0000 0.0000 118.2705
20476.6526 312521.4251 1293.8934 298847.473480000 -0.0000 0.0000 118.2705
20476.1241 312521.1410 1293.8934 298847.483480000 -0.0000 0.0000 118.2705
20475.5957 312520.8568 1293.8934 298847.493480000 -0.0000 0.0000 118.2705
20475.0673 312520.5726 1293.8934 298847.503480000 -0.0000 0.0000 118.2705
20474.5388 312520.2884 1293.8934 298847.513480000 -0.0000 0.0000 118.2705
20474.0104 312520.0042 1293.8934 298847.523480000 -0.0000 0.0000 118.2705
20473.4820 312519.7201 1293.8934 298847.533480000 -0.0000 0.0000 118.2705
20472.9535 312519.4359 1293.8934 298847.543480000 -0.0000 0.0000 118.2705
20472.4251 312519.1517 1293.8934 298847.553480000 -0.0000 0.0000 118.2705
20471.8967 312518.8675 1293.8934 298847.563480000 -0.0000 0.0000 118.2705
20471.3682 312518.5833 1293.8934 298847.573480000 -0.0000 0.0000 118.2705
20470.8398 312518.2992 1293.8934 298847.583480000 -0.0000 0.0000 118.2705
20470.3114 312518.0150 1293.8934 298847.593480000 -0.0000 0.0000 118.2705
20469.7829 312517.7308 1293.8934 298847.603480000 -0.0000 0.0000 118.2705
20469.2545 312517.4466 1293.8934 298847.613480000 -0.0000 0.0000 118.2705
20468.7261 312517.1624 1293.8934 298847.623480000 -0.0000 0.0000 118.2705
20468.1976 312516.8783 1293.8934 298847.633480000 -0.0000 0.0000 118.2705
20467.6692 312516.5941 1293.8934 298847.643480000 -0.0000 0.0000 118.2705
20467.1408 312516.3099 1293.8934 298847.653480000 -0.0000 0.0000 118.2705
20466.6123 312516.0257 1293.8934 298847.663480000 -0.0000 0.0000 118.2705
20466.0839 312515.7415 1293.8934 298847.673480000 -0.0000 0.0000 118.2705
20465.5555 312515.4574 1293.8934 298847.683480000 -0.0000 0.0000 118.2705
20465.0270 312515.1732 1293.8934 298847.693480000 -0.0000 0.0000 118.2705
20464.4986 312514.8890 1293.8934 298847.703480000 -0.0000 0.0000 118.2705
20463.9702 312514.6048 1293.8934 298847.713480000 -0.0000 0.0000 118.2705
20463.4417 312514.3206 1293.8934 298847.723480000 -0.0000 0.0000 118.2705
20462.9133 312514.0365 1293.8934 298847.733480000 -0.0000 0.0000 118.2705
20462.3849 312513.7523 1293.8934 298847.743480000 -0.0000 0.0000 118.2705
20461.8564 312513.4681 1293.8934 298847.753480000 -0.0000 0.0000 118.2705
20461.3280 312513.1839 1293.8934 298847.763480000 -0.0000 0.0000 118.2705
20460.7996 312512.8998 1293.8934 298847.773480000 -0.0000 0.0000 118.2705
20460.2711 312512.6156 1293.8934 298847.783480000 -0.0000 0.0000 118.2705
20459.7427 312512.3314 1293.8934 298847.793480000 -0.0000 0.0000 118.2705
20459.2143 312512.0472 1293.8934 298847.803480000 -0.0000 0.0000 118.2705
20458.6858 312511.7630 1293.8934 298847.813480000 -0.0000 0.0000 118.2705
20458.1574 312511.4789 1293.8934 298847.823480000 -0.0000 0.0000 118.2705
20457.6290 312511.1947 1293.8934 298847.833480000 -0.0000 0.0000 118.2705
20457.1005 312510.9105 1293.8934 298847.843480000 -0.0000 0.0000 118.2705
20456.5721 312510.6263 1293.8934 298847.853480000 -0.0000 0.0000 118.2705
20456.0437 312510.3421 1293.8934 298847.863480000 -0.0000 0.0000 118.2705
20455.5152 312510.0580 1293.8934 298847.873480000 -0.0000 0.0000 118.2705
20454.9868 312509.7738 1293.8934 298847.883480000 -0.0000 0.0000 118.2705
20454.4584 312509.4896 1293.8934 298847.893480000 -0.0000 0.0000 118.2705
20453.9299 312509.2054 1293.8934 298847.903480000 -0.0000 0.0000 118.2705
20453.4015 312508.9212 1293.8934 298847.913480000 -0.0000 0.0000 118.2705
20452.8731 312508.6371 1293.8934 298847.923480000 -0.0000 0.0000 118.2705
20452.3446 312508.3529 1293.8934 298847.933480000 -0.0000 0.0000 118.2705
20451.8162 312508.0687 1293.8934 298847.943480000 -0.0000 0.0000 118.2705
20451.2878 312507.7845 1293.8934 298847.953480000 -0.0000 0.0000 118.2705
20450.7593 312507.5003 1293.8934 298847.963480000 -0.0000 0.0000 118.2705
20450.2309 312507.2162 1293.8934 298847.973480000 -0.0000 0.0000 118.2705
20449.7025 312506.9320 1293.8934 298847.983480000 -0.0000 0.0000 118.2705
20449.1740 312506.6478 1293.8934 298847.993480000 -0.0000 0.0000 118.2705
20448.6456 312506.3636 1293.8934 298848.003480000 -0.0000 0.0000 118.2705
20448.1172 312506.0795 1293.8934 298848.013480000 -0.0000 0.0000 118.2705
20447.5887 312505.7953 1293.8934 298848.023480000 -0.0000 0.0000 118.2705
20447.0603 312505.5111 1293.8934 298848.033480000 -0.0000 0.0000 118.2705
20446.5319 312505.2269 1293.8934 298848.043480000 -0.0000 0.0000 118.2705
20446.0034 312504.9427 1293.8934 298848.053480000 -0.0000 0.0000 118.2705
20445.4750 312504.6586 1293.8934 298848.063480000 -0.0000 0.0000 118.2705
20444.9466 312504.3744 1293.8934 298848.073480000 -0.0000 0.0000 118.2705
20444.4181 312504.0902 1293.8934 298848.083480000 -0.0000 0.0000 118.2705
20443.8897 312503.8060 1293.8934 298848.093480000 -0.0000 0.0000 118.2705
20443.3613 312503.5218 1293.8934 298848.103480000 -0.0000 0.0000 118.2705
20442.8328 312503.2377 1293.8934 298848.113480000 -0.0000 0.0000 118.2705
20442.3044 312502.9535 1293.8934 298848.123480000 -0.0000 0.0000 118.2705
20441.7760 312502.6693 1293.8934 298848.133480000 -0.0000 0.0000 118.2705
20441.2475 312502.3851 1293.8934 298848.143480000 -0.0000 0.0000 118.2705
20440.7191 312502.1009 1293.8934 298848.153480000 -0.0000 0.0000 118.2705
20440.1907 312501.8168 1293.8934 298848.163480000 -0.0000 0.0000 118.2705
20439.6622 312501.5326 1293.8934 298848.173480000 -0.0000 0.0000 118.2705
20439.1338 312501.2484 1293.8934 298848.183480000 -0.0000 0.0000 118.2705
20438.6054 312500.9642 1293.8934 298848.193480000 -0.0000 0.0000 118.2705
20438.0769 312500.6800 1293.8934 298848.203480000 -0.0000 0.0000 118.2705
20437.5485 312500.3959 1293.8934 298848.213480000 -0.0000 0.0000 118.2705
20437.0201 312500.1117 1293.8934 298848.223480000 -0.0000 0.0000 118.2705
20436.4916 312499.8275 1293.8934 298848.233480000 -0.0000 0.0000 118.2705
20435.9632 312499.5433 1293.8934 298848.243480000 -0.0000 0.0000 118.2705
20435.4348 312499.2592 1293.8934 298848.253480000 -0.0000 0.0000 118.2705
20434.9063 312498.9750 1293.8934 298848.263480000 -0.0000 0.0000 118.2705
20434.3779 312498.6908 1293.8934 298848.273480000 -0.0000 0.0000 118.2705
20433.8494 312498.4066 1293.8934 298848.283480000 -0.0000 0.0000 118.2705
20433.3210 312498.1224 1293.8934 298848.293480000 -0.0000 0.0000 118.2705
20432.7926 312497.8383 1293.8934 298848.303480000 -0.0000 0.0000 118.2705
20432.2641 312497.5541 1293.8934 298848.313480000 -0.0000 0.0000 118.2705
20431.7357 312497.2699 1293.8934 298848.323480000 -0.0000 0.0000 118.2705
20431.2073 312496.9857 1293.8934 298848.333480000 -0.0000 0.0000 118.2705
20430.6788 312496.7015 1293.8934 298848.343480000 -0.0000 0.0000 118.2705
20430.1504 312496.4174 1293.8934 298848.353480000 -0.0000 0.0000 118.2705
20429.6220 312496.1332 1293.8934 298848.363480000 -0.0000 0.0000 118.2705
20429.0935 312495.8490 1293.8934 298848.373480000 -0.0000 0.0000 118.2705
20428.5651 312495.5648 1293.8934 298848.383480000 -0.0000 0.0000 118.2705
20428.0367 312495.2806 1293.8934 298848.393480000 -0.0000 0.0000 118.2705
20427.5082 312494.9965 1293.8934 298848.403480000 -0.0000 0.0000 118.2705
20426.9798 312494.7123 1293.8934 298848.413480000 -0.0000 0.0000 118.2705
20426.4514 312494.4281 1293.8934 298848.423480000 -0.0000 0.0000 118.2705
20425.9229 312494.1439 1293.8934 298848.433480000 -0.0000 0.0000 118.2705
20425.3945 312493.8597 1293.8934 298848.443480000 -0.0000 0.0000 118.2705
20424.8661 312493.5756 1293.8934 298848.453480000 -0.0000 0.0000 118.2705
20424.3376 312493.2914 1293.8934 298848.463480000 -0.0000 0.0000 118.2705
20423.8092 312493.0072 1293.8934 298848.473480000 -0.0000 0.0000 118.2705
20423.2808 312492.7230 1293.8934 298848.483480000 -0.0000 0.0000 118.2705
20422.7523 312492.4388 1293.8934 298848.493480000 -0.0000 0.0000 118.2705
20422.2239 312492.1547 1293.8934 298848.503480000 -0.0000 0.0000 118.2705
20421.6955 312491.8705 1293.8934 298848.513480000 -0.0000 0.0000 118.2705
20421.1670 312491.5863 1293.8934 298848.523480000 -0.0000 0.0000 118.2705
20420.6386 312491.3021 1293.8934 298848.533480000 -0.0000 0.0000 118.2705
20420.1102 312491.0180 1293.8934 298848.543480000 -0.0000 0.0000 118.2705
20419.5817 312490.7338 1293.8934 298848.553480000 -0.0000 0.0000 118.2705
20419.0533 312490.4496 1293.8934 298848.563480000 -0.0000 0.0000 118.2705
20418.5249 312490.1654 1293.8934 298848.573480000 -0.0000 0.0000 118.2705
20417.9964 312489.8812 1293.8934 298848.583480000 -0.0000 0.0000 118.2705
20417.4680 312489.5971 1293.8934 298848.593480000 -0.0000 0.0000 118.2705
20416.9396 312489.3129 1293.8934 298848.603480000 -0.0000 0.0000 118.2705
20416.4111 312489.0287 1293.8934 298848.613480000 -0.0000 0.0000 118.2705
20415.8827 312488.7445 1293.8934 298848.623480000 -0.0000 0.0000 118.2705
20415.3543 312488.4603 1293.8934 298848.633480000 -0.0000 0.0000 118.2705
20414.8258 312488.1762 1293.8934 298848.643480000 -0.0000 0.0000 118.2705
20414.2974 312487.8920 1293.8934 298848.653480000 -0.0000 0.0000 118.2705
20413.7690 312487.6078 1293.8934 298848.663480000 -0.0000 0.0000 118.2705
20413.2405 312487.3236 1293.8934 298848.673480000 -0.0000 0.0000 118.2705
20412.7121 312487.0394 1293.8934 298848.683480000 -0.0000 0.0000 118.2705
20412.1837 312486.7553 1293.8934 298848.693480000 -0.0000 0.0000 118.2705
20411.6552 312486.4711 1293.8934 298848.703480000 -0.0000 0.0000 118.2705
20411.1268 312486.1869 1293.8934 298848.713480000 -0.0000 0.0000 118.2705
20410.5984 312485.9027 1293.8934 298848.723480000 -0.0000 0.0000 118.2705
20410.0699 312485.6185 1293.8934 298848.733480000 -0.0000 0.0000 118.2705
20409.5415 312485.3344 1293.8934 298848.743480000 -0.0000 0.0000 118.2705
20409.0131 312485.0502 1293.8934 298848.753480000 -0.0000 0.0000 118.2705
20408.4846 312484.7660 1293.8934 298848.763480000 -0.0000 0.0000 118.2705
20407.9562 312484.4818 1293.8934 298848.773480000 -0.0000 0.0000 118.2705
20407.4278 312484.1977 1293.8934 298848.783480000 -0.0000 0.0000 118.2705
20406.8993 312483.9135 1293.8934 298848.793480000 -0.0000 0.0000 118.2705
20406.3709 312483.6293 1293.8934 298848.803480000 -0.0000 0.0000 118.2705
20405.8425 312483.3451 1293.8934 298848.813480000 -0.0000 0.0000 118.2705
20405.3140 312483.0609 1293.8934 298848.823480000 -0.0000 0.0000 118.2705
20404.7856 312482.7768 1293.8934 298848.833480000 -0.0000 0.0000 118.2705
20404.2572 312482.4926 1293.8934 298848.843480000 -0.0000 0.0000 118.2705
20403.7287 312482.2084 1293.8934 298848.853480000 -0.0000 0.0000 118.2705
20403.2003 312481.9242 1293.8934 298848.863480000 -0.0000 0.0000 118.2705
20402.6719 312481.6400 1293.8934 298848.873480000 -0.0000 0.0000 118.2705
20402.1434 312481.3559 1293.8934 298848.883480000 -0.0000 0.0000 118.2705
20401.6150 312481.0717 1293.8934 298848.893480000 -0.0000 0.0000 118.2705
20401.0866 312480.7875 1293.8934 298848.903480000 -0.0000 0.0000 118.2705
20400.5581 312480.5033 1293.8934 298848.913480000 -0.0000 0.0000 118.2705
20400.0297 312480.2191 1293.8934 298848.923480000 -0.0000 0.0000 118.2705
20399.5013 312479.9350 1293.8934 298848.933480000 -0.0000 0.0000 118.2705
20398.9728 312479.6508 1293.8934 298848.943480000 -0.0000 0.0000 118.2705
20398.4444 312479.3666 1293.8934 298848.953480000 -0.0000 0.0000 118.2705
20397.9160 312479.0824 1293.8934 298848.963480000 -0.0000 0.0000 118.2705
20397.3875 312478.7982 1293.8934 298848.973480000 -0.0000 0.0000 118.2705
20396.8591 312478.5141 1293.8934 298848.983480000 -0.0000 0.0000 118.2705
20396.3307 312478.2299 1293.8934 298848.993480000 -0.0000 0.0000 118.2705
20395.8022 312477.9457 1293.8934 298849.003480000 -0.0000 0.0000 118.2705
20395.2738 312477.6615 1293.8934 298849.013480000 -0.0000 0.0000 118.2705
20394.7454 312477.3773 1293.8934 298849.023480000 -0.0000 0.0000 118.2705
20394.2169 312477.0932 1293.8934 298849.033480000 -0.0000 0.0000 118.2705
20393.6885 312476.8090 1293.8934 298849.043480000 -0.0000 0.0000 118.2705
20393.1601 312476.5248 1293.8934 298849.053480000 -0.0000 0.0000 118.2705
20392.6316 312476.2406 1293.8934 298849.063480000 -0.0000 0.0000 118.2705
20392.1032 312475.9565 1293.8934 298849.073480000 -0.0000 0.0000 118.2705
20391.5748 312475.6723 1293.8934 298849.083480000 -0.0000 0.0000 118.2705
20391.0463 312475.3881 1293.8934 298849.093480000 -0.0000 0.0000 118.2705
20390.5179 312475.1039 1293.8934 298849.103480000 -0.0000 0.0000 118.2705
20389.9895 312474.8197 1293.8934 298849.113480000 -0.0000 0.0000 118.2705
20389.4610 312474.5356 1293.8934 298849.123480000 -0.0000 0.0000 118.2705
20388.9326 312474.2514 1293.8934 298849.133480000 -0.0000 0.0000 118.2705
20388.4042 312473.9672 1293.8934 298849.143480000 -0.0000 0.0000 118.2705
20387.8757 312473.6830 1293.8934 298849.153480000 -0.0000 0.0000 118.2705
20387.3473 312473.3988 1293.8934 298849.163480000 -0.0000 0.0000 118.2705
20386.8189 312473.1147 1293.8934 298849.173480000 -0.0000 0.0000 118.2705
20386.2904 312472.8305 1293.8934 298849.183480000 -0.0000 0.0000 118.2705
20385.7620 312472.5463 1293.8934 298849.193480000 -0.0000 0.0000 118.2705
20385.2336 312472.2621 1293.8934 298849.203480000 -0.0000 0.0000 118.2705
20384.7051 312471.9779 1293.8934 298849.213480000 -0.0000 0.0000 118.2705
20384.1767 312471.6938 1293.8934 298849.223480000 -0.0000 0.0000 118.2705
20383.6482 312471.4096 1293.8934 298849.233480000 -0.0000 0.0000 118.2705
20383.1198 312471.1254 1293.8934 298849.243480000 -0.0000 0.0000 118.2705
20382.5914 312470.8412 1293.8934 298849.253480000 -0.0000 0.0000 118.2705
20382.0629 312470.5570 1293.8934 298849.263480000 -0.0000 0.0000 118.2705
20381.5345 312470.2729 1293.8934 298849.273480000 -0.0000 0.0000 118.2705
20381.0061 312469.9887 1293.8934 298849.283480000 -0.0000 0.0000 118.2705
20380.4776 312469.7045 1293.8934 298849.293480000 -0.0000 0.0000 118.2705
20379.9492 312469.4203 1293.8934 298849.303480000 -0.0000 0.0000 118.2705
20379.4208 312469.1362 1293.8934 298849.313480000 -0.0000 0.0000 118.2705
20378.8923 312468.8520 1293.8934 298849.323480000 -0.0000 0.0000 118.2705
20378.3639 312468.5678 1293.8934 298849.333480000 -0.0000 0.0000 118.2705
20377.8355 312468.2836 1293.8934 298849.343480000 -0.0000 0.0000 118.2705
20377.3070 312467.9994 1293.8934 298849.353480000 -0.0000 0.0000 118.2705
20376.7786 312467.7153 1293.8934 298849.363480000 -0.0000 0.0000 118.2705
20376.2502 312467.4311 1293.8934 298849.373480000 -0.0000 0.0000 118.2705
20375.7217 312467.1469 1293.8934 298849.383480000 -0.0000 0.0000 118.2705
20375.1933 312466.8627 1293.8934 298849.393480000 -0.0000 0.0000 118.2705
20374.6649 312466.5785 1293.8934 298849.403480000 -0.0000 0.0000 118.2705
20374.1364 312466.2944 1293.8934 298849.413480000 -0.0000 0.0000 118.2705
20373.6080 312466.0102 1293.8934 298849.423480000 -0.0000 0.0000 118.2705
20373.0796 312465.7260 1293.8934 298849.433480000 -0.0000 0.0000 118.2705
20372.5511 312465.4418 1293.8934 298849.443480000 -0.0000 0.0000 118.2705
20372.0227 312465.1576 1293.8934 298849.453480000 -0.0000 0.0000 118.2705
20371.4943 312464.8735 1293.8934 298849.463480000 -0.0000 0.0000 118.2705
20370.9658 312464.5893 1293.8934 298849.473480000 -0.0000 0.0000 118.2705
20370.4374 312464.3051 1293.8934 298849.483480000 -0.0000 0.0000 118.2705
20369.9090 312464.0209 1293.8934 298849.493480000 -0.0000 0.0000 118.2705
20369.3805 312463.7367 1293.8934 298849.503480000 -0.0000 0.0000 118.2705
20368.8521 312463.4526 1293.8934 298849.513480000 -0.0000 0.0000 118.2705
20368.3237 312463.1684 1293.8934 298849.523480000 -0.0000 0.0000 118.2705
20367.7952 312462.8842 1293.8934 298849.533480000 -0.0000 0.0000 118.2705
20367.2668 312462.6000 1293.8934 298849.543480000 -0.0000 0.0000 118.2705
20366.7384 312462.3158 1293.8934 298849.553480000 -0.0000 0.0000 118.2705
20366.2099 312462.0317 1293.8934 298849.563480000 -0.0000 0.0000 118.2705
20365.6815 312461.7475 1293.8934 298849.573480000 -0.0000 0.0000 118.2705
20365.1531 312461.4633 1293.8934 298849.583480000 -0.0000 0.0000 118.2705
20364.6246 312461.1791 1293.8934 298849.593480000 -0.0000 0.0000 118.2705
20364.0962 312460.8950 1293.8934 298849.603480000 -0.0000 0.0000 118.2705
20363.5678 312460.6108 1293.8934 298849.613480000 -0.0000 0.0000 118.2705
20363.0393 312460.3266 1293.8934 298849.623480000 -0.0000 0.0000 118.2705
20362.5109 312460.0424 1293.8934 298849.633480000 -0.0000 0.0000 118.2705
20361.9825 312459.7582 1293.8934 298849.643480000 -0.0000 0.0000 118.2705
20361.4540 312459.4741 1293.8934 298849.653480000 -0.0000 0.0000 118.2705
20360.9256 312459.1899 1293.8934 298849.663480000 -0.0000 0.0000 118.2705
20360.3972 312458.9057 1293.8934 298849.673480000 -0.0000 0.0000 118.2705
20359.8687 312458.6215 1293.8934 298849.683480000 -0.0000 0.0000 118.2705
20359.3403 312458.3373 1293.8934 298849.693480000 -0.0000 0.0000 118.2705
20358.8119 312458.0532 1293.8934 298849.703480000 -0.0000 0.0000 118.2705
20358.2834 312457.7690 1293.8934 298849.713480000 -0.0000 0.0000 118.2705
20357.7550 312457.4848 1293.8934 298849.723480000 -0.0000 0.0000 118.2705
20357.2266 312457.2006 1293.8934 298849.733480000 -0.0000 0.0000 118.2705
20356.6981 312456.9164 1293.8934 298849.743480000 -0.0000 0.0000 118.2705
