20271.8142 312438.1619 408.1760 299798.926980000 -0.0000 0.0000 10.0000
20271.8004 312438.2401 408.1662 299798.936980000 -0.0000 0.0000 10.0000
20271.7867 312438.3183 408.1565 299798.946980000 -0.0000 0.0000 10.0000
20271.7729 312438.3965 408.1467 299798.956980000 -0.0000 0.0000 10.0000
20271.7591 312438.4747 408.1369 299798.966980000 -0.0000 0.0000 10.0000
20271.7453 312438.5529 408.1271 299798.976980000 -0.0000 0.0000 10.0000
20271.7315 312438.6311 408.1174 299798.986980000 -0.0000 0.0000 10.0000
20271.7177 312438.7093 408.1076 299798.996980000 -0.0000 0.0000 10.0000
20271.7039 312438.7875 408.0978 299799.006980000 -0.0000 0.0000 10.0000
20271.6901 312438.8656 408.0881 299799.016980000 -0.0000 0.0000 10.0000
20271.6764 312438.9438 408.0783 299799.026980000 -0.0000 0.0000 10.0000
20271.6626 312439.0220 408.0685 299799.036980000 -0.0000 0.0000 10.0000
20271.6488 312439.1002 408.0587 299799.046980000 -0.0000 0.0000 10.0000
20271.6350 312439.1784 408.0490 299799.056980000 -0.0000 0.0000 10.0000
20271.6212 312439.2566 408.0392 299799.066980000 -0.0000 0.0000 10.0000
20271.6074 312439.3348 408.0294 299799.076980000 -0.0000 0.0000 10.0000
20271.5936 312439.4130 408.0196 299799.086980000 -0.0000 0.0000 10.0000
20271.5798 312439.4912 408.0099 299799.096980000 -0.0000 0.0000 10.0000
20271.5660 312439.5694 408.0001 299799.106980000 -0.0000 0.0000 10.0000
20271.5523 312439.6476 407.9903 299799.116980000 -0.0000 0.0000 10.0000
20271.5385 312439.7258 407.9806 299799.126980000 -0.0000 0.0000 10.0000
20271.5247 312439.8040 407.9708 299799.136980000 -0.0000 0.0000 10.0000
20271.5109 312439.8822 407.9610 299799.146980000 -0.0000 0.0000 10.0000
20271.4971 312439.9604 407.9512 299799.156980000 -0.0000 0.0000 10.0000
20271.4833 312440.0386 407.9415 299799.166980000 -0.0000 0.0000 10.0000
20271.4695 312440.1168 407.9317 299799.176980000 -0.0000 0.0000 10.0000
20271.4557 312440.1950 407.9219 299799.186980000 -0.0000 0.0000 10.0000
20271.4420 312440.2732 407.9122 299799.196980000 -0.0000 0.0000 10.0000
20271.4282 312440.3513 407.9024 299799.206980000 -0.0000 0.0000 10.0000
20271.4144 312440.4295 407.8926 299799.216980000 -0.0000 0.0000 10.0000
20271.4006 312440.5077 407.8828 299799.226980000 -0.0000 0.0000 10.0000
20271.3868 312440.5859 407.8731 299799.236980000 -0.0000 0.0000 10.0000
20271.3730 312440.6641 407.8633 299799.246980000 -0.0000 0.0000 10.0000
20271.3592 312440.7423 407.8535 299799.256980000 -0.0000 0.0000 10.0000
20271.3454 312440.8205 407.8438 299799.266980000 -0.0000 0.0000 10.0000
20271.3317 312440.8987 407.8340 299799.276980000 -0.0000 0.0000 10.0000
20271.3179 312440.9769 407.8242 299799.286980000 -0.0000 0.0000 10.0000
20271.3041 312441.0551 407.8144 299799.296980000 -0.0000 0.0000 10.0000
20271.2903 312441.1333 407.8047 299799.306980000 -0.0000 0.0000 10.0000
20271.2765 312441.2115 407.7949 299799.316980000 -0.0000 0.0000 10.0000
20271.2627 312441.2897 407.7851 299799.326980000 -0.0000 0.0000 10.0000
20271.2489 312441.3679 407.7754 299799.336980000 -0.0000 0.0000 10.0000
20271.2351 312441.4461 407.7656 299799.346980000 -0.0000 0.0000 10.0000
20271.2214 312441.5243 407.7558 299799.356980000 -0.0000 0.0000 10.0000
20271.2076 312441.6025 407.7460 299799.366980000 -0.0000 0.0000 10.0000
20271.1938 312441.6807 407.7363 299799.376980000 -0.0000 0.0000 10.0000
20271.1800 312441.7589 407.7265 299799.386980000 -0.0000 0.0000 10.0000
20271.1662 312441.8370 407.7167 299799.396980000 -0.0000 0.0000 10.0000
20271.1524 312441.9152 407.7070 299799.406980000 -0.0000 0.0000 10.0000
20271.1386 312441.9934 407.6972 299799.416980000 -0.0000 0.0000 10.0000
20271.1248 312442.0716 407.6874 299799.426980000 -0.0000 0.0000 10.0000
20271.1111 312442.1498 407.6776 299799.436980000 -0.0000 0.0000 10.0000
20271.0973 312442.2280 407.6679 299799.446980000 -0.0000 0.0000 10.0000
20271.0835 312442.3062 407.6581 299799.456980000 -0.0000 0.0000 10.0000
20271.0697 312442.3844 407.6483 299799.466980000 -0.0000 0.0000 10.0000
20271.0559 312442.4626 407.6386 299799.476980000 -0.0000 0.0000 10.0000
20271.0421 312442.5408 407.6288 299799.486980000 -0.0000 0.0000 10.0000
20271.0283 312442.6190 407.6190 299799.496980000 -0.0000 0.0000 10.0000
20271.0145 312442.6972 407.6092 299799.506980000 -0.0000 0.0000 10.0000
20271.0007 312442.7754 407.5995 299799.516980000 -0.0000 0.0000 10.0000
20270.9870 312442.8536 407.5897 299799.526980000 -0.0000 0.0000 10.0000
20270.9732 312442.9318 407.5799 299799.536980000 -0.0000 0.0000 10.0000
20270.9594 312443.0100 407.5702 299799.546980000 -0.0000 0.0000 10.0000
20270.9456 312443.0882 407.5604 299799.556980000 -0.0000 0.0000 10.0000
20270.9318 312443.1664 407.5506 299799.566980000 -0.0000 0.0000 10.0000
20270.9180 312443.2446 407.5408 299799.576980000 -0.0000 0.0000 10.0000
20270.9042 312443.3227 407.5311 299799.586980000 -0.0000 0.0000 10.0000
20270.8904 312443.4009 407.5213 299799.596980000 -0.0000 0.0000 10.0000
20270.8767 312443.4791 407.5115 299799.606980000 -0.0000 0.0000 10.0000
20270.8629 312443.5573 407.5018 299799.616980000 -0.0000 0.0000 10.0000
20270.8491 312443.6355 407.4920 299799.626980000 -0.0000 0.0000 10.0000
20270.8353 312443.7137 407.4822 299799.636980000 -0.0000 0.0000 10.0000
20270.8215 312443.7919 407.4724 299799.646980000 -0.0000 0.0000 10.0000
20270.8077 312443.8701 407.4627 299799.656980000 -0.0000 0.0000 10.0000
20270.7939 312443.9483 407.4529 299799.666980000 -0.0000 0.0000 10.0000
20270.7801 312444.0265 407.4431 299799.676980000 -0.0000 0.0000 10.0000
20270.7664 312444.1047 407.4334 299799.686980000 -0.0000 0.0000 10.0000
20270.7526 312444.1829 407.4236 299799.696980000 -0.0000 0.0000 10.0000
20270.7388 312444.2611 407.4138 299799.706980000 -0.0000 0.0000 10.0000
20270.7250 312444.3393 407.4040 299799.716980000 -0.0000 0.0000 10.0000
20270.7112 312444.4175 407.3943 299799.726980000 -0.0000 0.0000 10.0000
20270.6974 312444.4957 407.3845 299799.736980000 -0.0000 0.0000 10.0000
20270.6836 312444.5739 407.3747 299799.746980000 -0.0000 0.0000 10.0000
20270.6698 312444.6521 407.3650 299799.756980000 -0.0000 0.0000 10.0000
20270.6561 312444.7303 407.3552 299799.766980000 -0.0000 0.0000 10.0000
20270.6423 312444.8084 407.3454 299799.776980000 -0.0000 0.0000 10.0000
20270.6285 312444.8866 407.3356 299799.786980000 -0.0000 0.0000 10.0000
20270.6147 312444.9648 407.3259 299799.796980000 -0.0000 0.0000 10.0000
20270.6009 312445.0430 407.3161 299799.806980000 -0.0000 0.0000 10.0000
20270.5871 312445.1212 407.3063 299799.816980000 -0.0000 0.0000 10.0000
20270.5733 312445.1994 407.2965 299799.826980000 -0.0000 0.0000 10.0000
20270.5595 312445.2776 407.2868 299799.836980000 -0.0000 0.0000 10.0000
20270.5458 312445.3558 407.2770 299799.846980000 -0.0000 0.0000 10.0000
20270.5320 312445.4340 407.2672 299799.856980000 -0.0000 0.0000 10.0000
20270.5182 312445.5122 407.2575 299799.866980000 -0.0000 0.0000 10.0000
20270.5044 312445.5904 407.2477 299799.876980000 -0.0000 0.0000 10.0000
20270.4906 312445.6686 407.2379 299799.886980000 -0.0000 0.0000 10.0000
20270.4768 312445.7468 407.2281 299799.896980000 -0.0000 0.0000 10.0000
20270.4630 312445.8250 407.2184 299799.906980000 -0.0000 0.0000 10.0000
20270.4492 312445.9032 407.2086 299799.916980000 -0.0000 0.0000 10.0000
20270.4354 312445.9814 407.1988 299799.926980000 -0.0000 0.0000 10.0000
20270.4217 312446.0596 407.1891 299799.936980000 -0.0000 0.0000 10.0000
20270.4079 312446.1378 407.1793 299799.946980000 -0.0000 0.0000 10.0000
20270.3941 312446.2160 407.1695 299799.956980000 -0.0000 0.0000 10.0000
20270.3803 312446.2941 407.1597 299799.966980000 -0.0000 0.0000 10.0000
20270.3665 312446.3723 407.1500 299799.976980000 -0.0000 0.0000 10.0000
20270.3527 312446.4505 407.1402 299799.986980000 -0.0000 0.0000 10.0000
20270.3389 312446.5287 407.1304 299799.996980000 -0.0000 0.0000 10.0000
20270.3251 312446.6069 407.1207 299800.006980000 -0.0000 0.0000 10.0000
20270.3114 312446.6851 407.1109 299800.016980000 -0.0000 0.0000 10.0000
20270.2976 312446.7633 407.1011 299800.026980000 -0.0000 0.0000 10.0000
20270.2838 312446.8415 407.0913 299800.036980000 -0.0000 0.0000 10.0000
20270.2700 312446.9197 407.0816 299800.046980000 -0.0000 0.0000 10.0000
20270.2562 312446.9979 407.0718 299800.056980000 -0.0000 0.0000 10.0000
20270.2424 312447.0761 407.0620 299800.066980000 -0.0000 0.0000 10.0000
20270.2286 312447.1543 407.0523 299800.076980000 -0.0000 0.0000 10.0000
20270.2148 312447.2325 407.0425 299800.086980000 -0.0000 0.0000 10.0000
20270.2011 312447.3107 407.0327 299800.096980000 -0.0000 0.0000 10.0000
20270.1873 312447.3889 407.0229 299800.106980000 -0.0000 0.0000 10.0000
20270.1735 312447.4671 407.0132 299800.116980000 -0.0000 0.0000 10.0000
20270.1597 312447.5453 407.0034 299800.126980000 -0.0000 0.0000 10.0000
20270.1459 312447.6235 406.9936 299800.136980000 -0.0000 0.0000 10.0000
20270.1321 312447.7017 406.9839 299800.146980000 -0.0000 0.0000 10.0000
20270.1183 312447.7798 406.9741 299800.156980000 -0.0000 0.0000 10.0000
20270.1045 312447.8580 406.9643 299800.166980000 -0.0000 0.0000 10.0000
20270.0908 312447.9362 406.9545 299800.176980000 -0.0000 0.0000 10.0000
20270.0770 312448.0144 406.9448 299800.186980000 -0.0000 0.0000 10.0000
20270.0632 312448.0926 406.9350 299800.196980000 -0.0000 0.0000 10.0000
20270.0494 312448.1708 406.9252 299800.206980000 -0.0000 0.0000 10.0000
20270.0356 312448.2490 406.9155 299800.216980000 -0.0000 0.0000 10.0000
20270.0218 312448.3272 406.9057 299800.226980000 -0.0000 0.0000 10.0000
20270.0080 312448.4054 406.8959 299800.236980000 -0.0000 0.0000 10.0000
20269.9942 312448.4836 406.8861 299800.246980000 -0.0000 0.0000 10.0000
20269.9805 312448.5618 406.8764 299800.256980000 -0.0000 0.0000 10.0000
20269.9667 312448.6400 406.8666 299800.266980000 -0.0000 0.0000 10.0000
20269.9529 312448.7182 406.8568 299800.276980000 -0.0000 0.0000 10.0000
20269.9391 312448.7964 406.8471 299800.286980000 -0.0000 0.0000 10.0000
20269.9253 312448.8746 406.8373 299800.296980000 -0.0000 0.0000 10.0000
20269.9115 312448.9528 406.8275 299800.306980000 -0.0000 0.0000 10.0000
20269.8977 312449.0310 406.8177 299800.316980000 -0.0000 0.0000 10.0000
20269.8839 312449.1092 406.8080 299800.326980000 -0.0000 0.0000 10.0000
20269.8701 312449.1873 406.7982 299800.336980000 -0.0000 0.0000 10.0000
20269.8564 312449.2655 406.7884 299800.346980000 -0.0000 0.0000 10.0000
20269.8426 312449.3437 406.7787 299800.356980000 -0.0000 0.0000 10.0000
20269.8288 312449.4219 406.7689 299800.366980000 -0.0000 0.0000 10.0000
20269.8150 312449.5001 406.7591 299800.376980000 -0.0000 0.0000 10.0000
20269.8012 312449.5783 406.7493 299800.386980000 -0.0000 0.0000 10.0000
20269.7874 312449.6565 406.7396 299800.396980000 -0.0000 0.0000 10.0000
20269.7736 312449.7347 406.7298 299800.406980000 -0.0000 0.0000 10.0000
20269.7598 312449.8129 406.7200 299800.416980000 -0.0000 0.0000 10.0000
20269.7461 312449.8911 406.7103 299800.426980000 -0.0000 0.0000 10.0000
20269.7323 312449.9693 406.7005 299800.436980000 -0.0000 0.0000 10.0000
20269.7185 312450.0475 406.6907 299800.446980000 -0.0000 0.0000 10.0000
20269.7047 312450.1257 406.6809 299800.456980000 -0.0000 0.0000 10.0000
20269.6909 312450.2039 406.6712 299800.466980000 -0.0000 0.0000 10.0000
20269.6771 312450.2821 406.6614 299800.476980000 -0.0000 0.0000 10.0000
20269.6633 312450.3603 406.6516 299800.486980000 -0.0000 0.0000 10.0000
20269.6495 312450.4385 406.6419 299800.496980000 -0.0000 0.0000 10.0000
20269.6358 312450.5167 406.6321 299800.506980000 -0.0000 0.0000 10.0000
20269.6220 312450.5949 406.6223 299800.516980000 -0.0000 0.0000 10.0000
20269.6082 312450.6730 406.6125 299800.526980000 -0.0000 0.0000 10.0000
20269.5944 312450.7512 406.6028 299800.536980000 -0.0000 0.0000 10.0000
20269.5806 312450.8294 406.5930 299800.546980000 -0.0000 0.0000 10.0000
20269.5668 312450.9076 406.5832 299800.556980000 -0.0000 0.0000 10.0000
20269.5530 312450.9858 406.5735 299800.566980000 -0.0000 0.0000 10.0000
20269.5392 312451.0640 406.5637 299800.576980000 -0.0000 0.0000 10.0000
20269.5255 312451.1422 406.5539 299800.586980000 -0.0000 0.0000 10.0000
20269.5117 312451.2204 406.5441 299800.596980000 -0.0000 0.0000 10.0000
20269.4979 312451.2986 406.5344 299800.606980000 -0.0000 0.0000 10.0000
20269.4841 312451.3768 406.5246 299800.616980000 -0.0000 0.0000 10.0000
20269.4703 312451.4550 406.5148 299800.626980000 -0.0000 0.0000 10.0000
20269.4565 312451.5332 406.5050 299800.636980000 -0.0000 0.0000 10.0000
20269.4427 312451.6114 406.4953 299800.646980000 -0.0000 0.0000 10.0000
20269.4289 312451.6896 406.4855 299800.656980000 -0.0000 0.0000 10.0000
20269.4152 312451.7678 406.4757 299800.666980000 -0.0000 0.0000 10.0000
20269.4014 312451.8460 406.4660 299800.676980000 -0.0000 0.0000 10.0000
20269.3876 312451.9242 406.4562 299800.686980000 -0.0000 0.0000 10.0000
20269.3738 312452.0024 406.4464 299800.696980000 -0.0000 0.0000 10.0000
20269.3600 312452.0806 406.4366 299800.706980000 -0.0000 0.0000 10.0000
20269.3462 312452.1587 406.4269 299800.716980000 -0.0000 0.0000 10.0000
20269.3324 312452.2369 406.4171 299800.726980000 -0.0000 0.0000 10.0000
20269.3186 312452.3151 406.4073 299800.736980000 -0.0000 0.0000 10.0000
20269.3048 312452.3933 406.3976 299800.746980000 -0.0000 0.0000 10.0000
20269.2911 312452.4715 406.3878 299800.756980000 -0.0000 0.0000 10.0000
20269.2773 312452.5497 406.3780 299800.766980000 -0.0000 0.0000 10.0000
20269.2635 312452.6279 406.3682 299800.776980000 -0.0000 0.0000 10.0000
20269.2497 312452.7061 406.3585 299800.786980000 -0.0000 0.0000 10.0000
20269.2359 312452.7843 406.3487 299800.796980000 -0.0000 0.0000 10.0000
20269.2221 312452.8625 406.3389 299800.806980000 -0.0000 0.0000 10.0000
20269.2083 312452.9407 406.3292 299800.816980000 -0.0000 0.0000 10.0000
20269.1945 312453.0189 406.3194 299800.826980000 -0.0000 0.0000 10.0000
20269.1808 312453.0971 406.3096 299800.836980000 -0.0000 0.0000 10.0000
20269.1670 312453.1753 406.2998 299800.846980000 -0.0000 0.0000 10.0000
20269.1532 312453.2535 406.2901 299800.856980000 -0.0000 0.0000 10.0000
20269.1394 312453.3317 406.2803 299800.866980000 -0.0000 0.0000 10.0000
20269.1256 312453.4099 406.2705 299800.876980000 -0.0000 0.0000 10.0000
20269.1118 312453.4881 406.2608 299800.886980000 -0.0000 0.0000 10.0000
20269.0980 312453.5663 406.2510 299800.896980000 -0.0000 0.0000 10.0000
20269.0842 312453.6444 406.2412 299800.906980000 -0.0000 0.0000 10.0000
20269.0705 312453.7226 406.2314 299800.916980000 -0.0000 0.0000 10.0000
20269.0567 312453.8008 406.2217 299800.926980000 -0.0000 0.0000 10.0000
20269.0429 312453.8790 406.2119 299800.936980000 -0.0000 0.0000 10.0000
20269.0291 312453.9572 406.2021 299800.946980000 -0.0000 0.0000 10.0000
20269.0153 312454.0354 406.1924 299800.956980000 -0.0000 0.0000 10.0000
20269.0015 312454.1136 406.1826 299800.966980000 -0.0000 0.0000 10.0000
20268.9877 312454.1918 406.1728 299800.976980000 -0.0000 0.0000 10.0000
20268.9739 312454.2700 406.1630 299800.986980000 -0.0000 0.0000 10.0000
20268.9602 312454.3482 406.1533 299800.996980000 -0.0000 0.0000 10.0000
20268.9464 312454.4264 406.1435 299801.006980000 -0.0000 0.0000 10.0000
20268.9326 312454.5046 406.1337 299801.016980000 -0.0000 0.0000 10.0000
20268.9188 312454.5828 406.1240 299801.026980000 -0.0000 0.0000 10.0000
20268.9050 312454.6610 406.1142 299801.036980000 -0.0000 0.0000 10.0000
20268.8912 312454.7392 406.1044 299801.046980000 -0.0000 0.0000 10.0000
20268.8774 312454.8174 406.0946 299801.056980000 -0.0000 0.0000 10.0000
20268.8636 312454.8956 406.0849 299801.066980000 -0.0000 0.0000 10.0000
20268.8499 312454.9738 406.0751 299801.076980000 -0.0000 0.0000 10.0000
20268.8361 312455.0520 406.0653 299801.086980000 -0.0000 0.0000 10.0000
20268.8223 312455.1301 406.0556 299801.096980000 -0.0000 0.0000 10.0000
20268.8085 312455.2083 406.0458 299801.106980000 -0.0000 0.0000 10.0000
20268.7947 312455.2865 406.0360 299801.116980000 -0.0000 0.0000 10.0000
20268.7809 312455.3647 406.0262 299801.126980000 -0.0000 0.0000 10.0000
20268.7671 312455.4429 406.0165 299801.136980000 -0.0000 0.0000 10.0000
20268.7533 312455.5211 406.0067 299801.146980000 -0.0000 0.0000 10.0000
20268.7395 312455.5993 405.9969 299801.156980000 -0.0000 0.0000 10.0000
20268.7258 312455.6775 405.9872 299801.166980000 -0.0000 0.0000 10.0000
20268.7120 312455.7557 405.9774 299801.176980000 -0.0000 0.0000 10.0000
20268.6982 312455.8339 405.9676 299801.186980000 -0.0000 0.0000 10.0000
20268.6844 312455.9121 405.9578 299801.196980000 -0.0000 0.0000 10.0000
20268.6706 312455.9903 405.9481 299801.206980000 -0.0000 0.0000 10.0000
20268.6568 312456.0685 405.9383 299801.216980000 -0.0000 0.0000 10.0000
20268.6430 312456.1467 405.9285 299801.226980000 -0.0000 0.0000 10.0000
20268.6292 312456.2249 405.9188 299801.236980000 -0.0000 0.0000 10.0000
20268.6155 312456.3031 405.9090 299801.246980000 -0.0000 0.0000 10.0000
20268.6017 312456.3813 405.8992 299801.256980000 -0.0000 0.0000 10.0000
20268.5879 312456.4595 405.8894 299801.266980000 -0.0000 0.0000 10.0000
20268.5741 312456.5377 405.8797 299801.276980000 -0.0000 0.0000 10.0000
20268.5603 312456.6158 405.8699 299801.286980000 -0.0000 0.0000 10.0000
20268.5465 312456.6940 405.8601 299801.296980000 -0.0000 0.0000 10.0000
20268.5327 312456.7722 405.8504 299801.306980000 -0.0000 0.0000 10.0000
20268.5189 312456.8504 405.8406 299801.316980000 -0.0000 0.0000 10.0000
20268.5052 312456.9286 405.8308 299801.326980000 -0.0000 0.0000 10.0000
20268.4914 312457.0068 405.8210 299801.336980000 -0.0000 0.0000 10.0000
20268.4776 312457.0850 405.8113 299801.346980000 -0.0000 0.0000 10.0000
20268.4638 312457.1632 405.8015 299801.356980000 -0.0000 0.0000 10.0000
20268.4500 312457.2414 405.7917 299801.366980000 -0.0000 0.0000 10.0000
20268.4362 312457.3196 405.7820 299801.376980000 -0.0000 0.0000 10.0000
20268.4224 312457.3978 405.7722 299801.386980000 -0.0000 0.0000 10.0000
20268.4086 312457.4760 405.7624 299801.396980000 -0.0000 0.0000 10.0000
20268.3949 312457.5542 405.7526 299801.406980000 -0.0000 0.0000 10.0000
20268.3811 312457.6324 405.7429 299801.416980000 -0.0000 0.0000 10.0000
20268.3673 312457.7106 405.7331 299801.426980000 -0.0000 0.0000 10.0000
20268.3535 312457.7888 405.7233 299801.436980000 -0.0000 0.0000 10.0000
20268.3397 312457.8670 405.7135 299801.446980000 -0.0000 0.0000 10.0000
20268.3259 312457.9452 405.7038 299801.456980000 -0.0000 0.0000 10.0000
20268.3121 312458.0234 405.6940 299801.466980000 -0.0000 0.0000 10.0000
20268.2983 312458.1015 405.6842 299801.476980000 -0.0000 0.0000 10.0000
20268.2846 312458.1797 405.6745 299801.486980000 -0.0000 0.0000 10.0000
20268.2708 312458.2579 405.6647 299801.496980000 -0.0000 0.0000 10.0000
20268.2570 312458.3361 405.6549 299801.506980000 -0.0000 0.0000 10.0000
20268.2432 312458.4143 405.6451 299801.516980000 -0.0000 0.0000 10.0000
20268.2294 312458.4925 405.6354 299801.526980000 -0.0000 0.0000 10.0000
20268.2156 312458.5707 405.6256 299801.536980000 -0.0000 0.0000 10.0000
20268.2018 312458.6489 405.6158 299801.546980000 -0.0000 0.0000 10.0000
20268.1880 312458.7271 405.6061 299801.556980000 -0.0000 0.0000 10.0000
20268.1742 312458.8053 405.5963 299801.566980000 -0.0000 0.0000 10.0000
20268.1605 312458.8835 405.5865 299801.576980000 -0.0000 0.0000 10.0000
20268.1467 312458.9617 405.5767 299801.586980000 -0.0000 0.0000 10.0000
20268.1329 312459.0399 405.5670 299801.596980000 -0.0000 0.0000 10.0000
20268.1191 312459.1181 405.5572 299801.606980000 -0.0000 0.0000 10.0000
20268.1053 312459.1963 405.5474 299801.616980000 -0.0000 0.0000 10.0000
20268.0915 312459.2745 405.5377 299801.626980000 -0.0000 0.0000 10.0000
20268.0777 312459.3527 405.5279 299801.636980000 -0.0000 0.0000 10.0000
20268.0639 312459.4309 405.5181 299801.646980000 -0.0000 0.0000 10.0000
20268.0502 312459.5091 405.5083 299801.656980000 -0.0000 0.0000 10.0000
20268.0364 312459.5872 405.4986 299801.666980000 -0.0000 0.0000 10.0000
20268.0226 312459.6654 405.4888 299801.676980000 -0.0000 0.0000 10.0000
20268.0088 312459.7436 405.4790 299801.686980000 -0.0000 0.0000 10.0000
20267.9950 312459.8218 405.4693 299801.696980000 -0.0000 0.0000 10.0000
20267.9812 312459.9000 405.4595 299801.706980000 -0.0000 0.0000 10.0000
20267.9674 312459.9782 405.4497 299801.716980000 -0.0000 0.0000 10.0000
20267.9536 312460.0564 405.4399 299801.726980000 -0.0000 0.0000 10.0000
20267.9399 312460.1346 405.4302 299801.736980000 -0.0000 0.0000 10.0000
20267.9261 312460.2128 405.4204 299801.746980000 -0.0000 0.0000 10.0000
20267.9123 312460.2910 405.4106 299801.756980000 -0.0000 0.0000 10.0000
20267.8985 312460.3692 405.4009 299801.766980000 -0.0000 0.0000 10.0000
20267.8847 312460.4474 405.3911 299801.776980000 -0.0000 0.0000 10.0000
20267.8709 312460.5256 405.3813 299801.786980000 -0.0000 0.0000 10.0000
20267.8571 312460.6038 405.3715 299801.796980000 -0.0000 0.0000 10.0000
20267.8433 312460.6820 405.3618 299801.806980000 -0.0000 0.0000 10.0000
20267.8296 312460.7602 405.3520 299801.816980000 -0.0000 0.0000 10.0000
20267.8158 312460.8384 405.3422 299801.826980000 -0.0000 0.0000 10.0000
20267.8020 312460.9166 405.3325 299801.836980000 -0.0000 0.0000 10.0000
20267.7882 312460.9948 405.3227 299801.846980000 -0.0000 0.0000 10.0000
20267.7744 312461.0729 405.3129 299801.856980000 -0.0000 0.0000 10.0000
20267.7606 312461.1511 405.3031 299801.866980000 -0.0000 0.0000 10.0000
20267.7468 312461.2293 405.2934 299801.876980000 -0.0000 0.0000 10.0000
20267.7330 312461.3075 405.2836 299801.886980000 -0.0000 0.0000 10.0000
20267.7193 312461.3857 405.2738 299801.896980000 -0.0000 0.0000 10.0000
20267.7055 312461.4639 405.2641 299801.906980000 -0.0000 0.0000 10.0000
20267.6917 312461.5421 405.2543 299801.916980000 -0.0000 0.0000 10.0000
20267.6779 312461.6203 405.2445 299801.926980000 -0.0000 0.0000 10.0000
20267.6641 312461.6985 405.2347 299801.936980000 -0.0000 0.0000 10.0000
20267.6503 312461.7767 405.2250 299801.946980000 -0.0000 0.0000 10.0000
20267.6365 312461.8549 405.2152 299801.956980000 -0.0000 0.0000 10.0000
20267.6227 312461.9331 405.2054 299801.966980000 -0.0000 0.0000 10.0000
20267.6089 312462.0113 405.1957 299801.976980000 -0.0000 0.0000 10.0000
20267.5952 312462.0895 405.1859 299801.986980000 -0.0000 0.0000 10.0000
20267.5814 312462.1677 405.1761 299801.996980000 -0.0000 0.0000 10.0000
20267.5676 312462.2459 405.1663 299802.006980000 -0.0000 0.0000 10.0000
20267.5538 312462.3241 405.1566 299802.016980000 -0.0000 0.0000 10.0000
20267.5400 312462.4023 405.1468 299802.026980000 -0.0000 0.0000 10.0000
20267.5262 312462.4804 405.1370 299802.036980000 -0.0000 0.0000 10.0000
20267.5124 312462.5586 405.1273 299802.046980000 -0.0000 0.0000 10.0000
20267.4986 312462.6368 405.1175 299802.056980000 -0.0000 0.0000 10.0000
20267.4849 312462.7150 405.1077 299802.066980000 -0.0000 0.0000 10.0000
20267.4711 312462.7932 405.0979 299802.076980000 -0.0000 0.0000 10.0000
20267.4573 312462.8714 405.0882 299802.086980000 -0.0000 0.0000 10.0000
20267.4435 312462.9496 405.0784 299802.096980000 -0.0000 0.0000 10.0000
20267.4297 312463.0278 405.0686 299802.106980000 -0.0000 0.0000 10.0000
20267.4159 312463.1060 405.0589 299802.116980000 -0.0000 0.0000 10.0000
20267.4021 312463.1842 405.0491 299802.126980000 -0.0000 0.0000 10.0000
20267.3883 312463.2624 405.0393 299802.136980000 -0.0000 0.0000 10.0000
20267.3746 312463.3406 405.0295 299802.146980000 -0.0000 0.0000 10.0000
20267.3608 312463.4188 405.0198 299802.156980000 -0.0000 0.0000 10.0000
20267.3470 312463.4970 405.0100 299802.166980000 -0.0000 0.0000 10.0000
20267.3332 312463.5752 405.0002 299802.176980000 -0.0000 0.0000 10.0000
20267.3194 312463.6534 404.9905 299802.186980000 -0.0000 0.0000 10.0000
20267.3056 312463.7316 404.9807 299802.196980000 -0.0000 0.0000 10.0000
20267.2918 312463.8098 404.9709 299802.206980000 -0.0000 0.0000 10.0000
20267.2780 312463.8880 404.9611 299802.216980000 -0.0000 0.0000 10.0000
20267.2643 312463.9661 404.9514 299802.226980000 -0.0000 0.0000 10.0000
20267.2505 312464.0443 404.9416 299802.236980000 -0.0000 0.0000 10.0000
20267.2367 312464.1225 404.9318 299802.246980000 -0.0000 0.0000 10.0000
20267.2229 312464.2007 404.9220 299802.256980000 -0.0000 0.0000 10.0000
20267.2091 312464.2789 404.9123 299802.266980000 -0.0000 0.0000 10.0000
20267.1953 312464.3571 404.9025 299802.276980000 -0.0000 0.0000 10.0000
20267.1815 312464.4353 404.8927 299802.286980000 -0.0000 0.0000 10.0000
20267.1677 312464.5135 404.8830 299802.296980000 -0.0000 0.0000 10.0000
20267.1540 312464.5917 404.8732 299802.306980000 -0.0000 0.0000 10.0000
20267.1402 312464.6699 404.8634 299802.316980000 -0.0000 0.0000 10.0000
20267.1264 312464.7481 404.8536 299802.326980000 -0.0000 0.0000 10.0000
20267.1126 312464.8263 404.8439 299802.336980000 -0.0000 0.0000 10.0000
20267.0988 312464.9045 404.8341 299802.346980000 -0.0000 0.0000 10.0000
20267.0850 312464.9827 404.8243 299802.356980000 -0.0000 0.0000 10.0000
20267.0712 312465.0609 404.8146 299802.366980000 -0.0000 0.0000 10.0000
20267.0574 312465.1391 404.8048 299802.376980000 -0.0000 0.0000 10.0000
20267.0436 312465.2173 404.7950 299802.386980000 -0.0000 0.0000 10.0000
20267.0299 312465.2955 404.7852 299802.396980000 -0.0000 0.0000 10.0000
20267.0161 312465.3737 404.7755 299802.406980000 -0.0000 0.0000 10.0000
20267.0023 312465.4518 404.7657 299802.416980000 -0.0000 0.0000 10.0000
20266.9885 312465.5300 404.7559 299802.426980000 -0.0000 0.0000 10.0000
20266.9747 312465.6082 404.7462 299802.436980000 -0.0000 0.0000 10.0000
20266.9609 312465.6864 404.7364 299802.446980000 -0.0000 0.0000 10.0000
20266.9471 312465.7646 404.7266 299802.456980000 -0.0000 0.0000 10.0000
20266.9333 312465.8428 404.7168 299802.466980000 -0.0000 0.0000 10.0000
20266.9196 312465.9210 404.7071 299802.476980000 -0.0000 0.0000 10.0000
20266.9058 312465.9992 404.6973 299802.486980000 -0.0000 0.0000 10.0000
20266.8920 312466.0774 404.6875 299802.496980000 -0.0000 0.0000 10.0000
20266.8782 312466.1556 404.6778 299802.506980000 -0.0000 0.0000 10.0000
20266.8644 312466.2338 404.6680 299802.516980000 -0.0000 0.0000 10.0000
20266.8506 312466.3120 404.6582 299802.526980000 -0.0000 0.0000 10.0000
20266.8368 312466.3902 404.6484 299802.536980000 -0.0000 0.0000 10.0000
20266.8230 312466.4684 404.6387 299802.546980000 -0.0000 0.0000 10.0000
20266.8093 312466.5466 404.6289 299802.556980000 -0.0000 0.0000 10.0000
20266.7955 312466.6248 404.6191 299802.566980000 -0.0000 0.0000 10.0000
20266.7817 312466.7030 404.6094 299802.576980000 -0.0000 0.0000 10.0000
20266.7679 312466.7812 404.5996 299802.586980000 -0.0000 0.0000 10.0000
20266.7541 312466.8594 404.5898 299802.596980000 -0.0000 0.0000 10.0000
20266.7403 312466.9375 404.5800 299802.606980000 -0.0000 0.0000 10.0000
20266.7265 312467.0157 404.5703 299802.616980000 -0.0000 0.0000 10.0000
20266.7127 312467.0939 404.5605 299802.626980000 -0.0000 0.0000 10.0000
20266.6990 312467.1721 404.5507 299802.636980000 -0.0000 0.0000 10.0000
20266.6852 312467.2503 404.5410 299802.646980000 -0.0000 0.0000 10.0000
20266.6714 312467.3285 404.5312 299802.656980000 -0.0000 0.0000 10.0000
20266.6576 312467.4067 404.5214 299802.666980000 -0.0000 0.0000 10.0000
20266.6438 312467.4849 404.5116 299802.676980000 -0.0000 0.0000 10.0000
20266.6300 312467.5631 404.5019 299802.686980000 -0.0000 0.0000 10.0000
20266.6162 312467.6413 404.4921 299802.696980000 -0.0000 0.0000 10.0000
20266.6024 312467.7195 404.4823 299802.706980000 -0.0000 0.0000 10.0000
20266.5887 312467.7977 404.4726 299802.716980000 -0.0000 0.0000 10.0000
20266.5749 312467.8759 404.4628 299802.726980000 -0.0000 0.0000 10.0000
20266.5611 312467.9541 404.4530 299802.736980000 -0.0000 0.0000 10.0000
20266.5473 312468.0323 404.4432 299802.746980000 -0.0000 0.0000 10.0000
20266.5335 312468.1105 404.4335 299802.756980000 -0.0000 0.0000 10.0000
20266.5197 312468.1887 404.4237 299802.766980000 -0.0000 0.0000 10.0000
20266.5059 312468.2669 404.4139 299802.776980000 -0.0000 0.0000 10.0000
20266.4921 312468.3451 404.4042 299802.786980000 -0.0000 0.0000 10.0000
20266.4783 312468.4232 404.3944 299802.796980000 -0.0000 0.0000 10.0000
20266.4646 312468.5014 404.3846 299802.806980000 -0.0000 0.0000 10.0000
20266.4508 312468.5796 404.3748 299802.816980000 -0.0000 0.0000 10.0000
20266.4370 312468.6578 404.3651 299802.826980000 -0.0000 0.0000 10.0000
20266.4232 312468.7360 404.3553 299802.836980000 -0.0000 0.0000 10.0000
20266.4094 312468.8142 404.3455 299802.846980000 -0.0000 0.0000 10.0000
20266.3956 312468.8924 404.3358 299802.856980000 -0.0000 0.0000 10.0000
20266.3818 312468.9706 404.3260 299802.866980000 -0.0000 0.0000 10.0000
20266.3680 312469.0488 404.3162 299802.876980000 -0.0000 0.0000 10.0000
20266.3543 312469.1270 404.3064 299802.886980000 -0.0000 0.0000 10.0000
20266.3405 312469.2052 404.2967 299802.896980000 -0.0000 0.0000 10.0000
20266.3267 312469.2834 404.2869 299802.906980000 -0.0000 0.0000 10.0000
20266.3129 312469.3616 404.2771 299802.916980000 -0.0000 0.0000 10.0000
20266.2991 312469.4398 404.2674 299802.926980000 -0.0000 0.0000 10.0000
20266.2853 312469.5180 404.2576 299802.936980000 -0.0000 0.0000 10.0000
20266.2715 312469.5962 404.2478 299802.946980000 -0.0000 0.0000 10.0000
20266.2577 312469.6744 404.2380 299802.956980000 -0.0000 0.0000 10.0000
20266.2440 312469.7526 404.2283 299802.966980000 -0.0000 0.0000 10.0000
20266.2302 312469.8308 404.2185 299802.976980000 -0.0000 0.0000 10.0000
20266.2164 312469.9089 404.2087 299802.986980000 -0.0000 0.0000 10.0000
20266.2026 312469.9871 404.1989 299802.996980000 -0.0000 0.0000 10.0000
20266.1888 312470.0653 404.1892 299803.006980000 -0.0000 0.0000 10.0000
20266.1750 312470.1435 404.1794 299803.016980000 -0.0000 0.0000 10.0000
20266.1612 312470.2217 404.1696 299803.026980000 -0.0000 0.0000 10.0000
20266.1474 312470.2999 404.1599 299803.036980000 -0.0000 0.0000 10.0000
20266.1337 312470.3781 404.1501 299803.046980000 -0.0000 0.0000 10.0000
20266.1199 312470.4563 404.1403 299803.056980000 -0.0000 0.0000 10.0000
20266.1061 312470.5345 404.1305 299803.066980000 -0.0000 0.0000 10.0000
20266.0923 312470.6127 404.1208 299803.076980000 -0.0000 0.0000 10.0000
20266.0785 312470.6909 404.1110 299803.086980000 -0.0000 0.0000 10.0000
20266.0647 312470.7691 404.1012 299803.096980000 -0.0000 0.0000 10.0000
20266.0509 312470.8473 404.0915 299803.106980000 -0.0000 0.0000 10.0000
20266.0371 312470.9255 404.0817 299803.116980000 -0.0000 0.0000 10.0000
20266.0234 312471.0037 404.0719 299803.126980000 -0.0000 0.0000 10.0000
20266.0096 312471.0819 404.0621 299803.136980000 -0.0000 0.0000 10.0000
20265.9958 312471.1601 404.0524 299803.146980000 -0.0000 0.0000 10.0000
20265.9820 312471.2383 404.0426 299803.156980000 -0.0000 0.0000 10.0000
20265.9682 312471.3165 404.0328 299803.166980000 -0.0000 0.0000 10.0000
20265.9544 312471.3946 404.0231 299803.176980000 -0.0000 0.0000 10.0000
20265.9406 312471.4728 404.0133 299803.186980000 -0.0000 0.0000 10.0000
20265.9268 312471.5510 404.0035 299803.196980000 -0.0000 0.0000 10.0000
20265.9130 312471.6292 403.9937 299803.206980000 -0.0000 0.0000 10.0000
20265.8993 312471.7074 403.9840 299803.216980000 -0.0000 0.0000 10.0000
20265.8855 312471.7856 403.9742 299803.226980000 -0.0000 0.0000 10.0000
20265.8717 312471.8638 403.9644 299803.236980000 -0.0000 0.0000 10.0000
20265.8579 312471.9420 403.9547 299803.246980000 -0.0000 0.0000 10.0000
20265.8441 312472.0202 403.9449 299803.256980000 -0.0000 0.0000 10.0000
20265.8303 312472.0984 403.9351 299803.266980000 -0.0000 0.0000 10.0000
20265.8165 312472.1766 403.9253 299803.276980000 -0.0000 0.0000 10.0000
20265.8027 312472.2548 403.9156 299803.286980000 -0.0000 0.0000 10.0000
20265.7890 312472.3330 403.9058 299803.296980000 -0.0000 0.0000 10.0000
20265.7752 312472.4112 403.8960 299803.306980000 -0.0000 0.0000 10.0000
20265.7614 312472.4894 403.8863 299803.316980000 -0.0000 0.0000 10.0000
20265.7476 312472.5676 403.8765 299803.326980000 -0.0000 0.0000 10.0000
20265.7338 312472.6458 403.8667 299803.336980000 -0.0000 0.0000 10.0000
20265.7200 312472.7240 403.8569 299803.346980000 -0.0000 0.0000 10.0000
20265.7062 312472.8022 403.8472 299803.356980000 -0.0000 0.0000 10.0000
20265.6924 312472.8803 403.8374 299803.366980000 -0.0000 0.0000 10.0000
20265.6787 312472.9585 403.8276 299803.376980000 -0.0000 0.0000 10.0000
20265.6649 312473.0367 403.8179 299803.386980000 -0.0000 0.0000 10.0000
20265.6511 312473.1149 403.8081 299803.396980000 -0.0000 0.0000 10.0000
20265.6373 312473.1931 403.7983 299803.406980000 -0.0000 0.0000 10.0000
20265.6235 312473.2713 403.7885 299803.416980000 -0.0000 0.0000 10.0000
20265.6097 312473.3495 403.7788 299803.426980000 -0.0000 0.0000 10.0000
20265.5959 312473.4277 403.7690 299803.436980000 -0.0000 0.0000 10.0000
20265.5821 312473.5059 403.7592 299803.446980000 -0.0000 0.0000 10.0000
20265.5684 312473.5841 403.7495 299803.456980000 -0.0000 0.0000 10.0000
20265.5546 312473.6623 403.7397 299803.466980000 -0.0000 0.0000 10.0000
20265.5408 312473.7405 403.7299 299803.476980000 -0.0000 0.0000 10.0000
20265.5270 312473.8187 403.7201 299803.486980000 -0.0000 0.0000 10.0000
20265.5132 312473.8969 403.7104 299803.496980000 -0.0000 0.0000 10.0000
20265.4994 312473.9751 403.7006 299803.506980000 -0.0000 0.0000 10.0000
20265.4856 312474.0533 403.6908 299803.516980000 -0.0000 0.0000 10.0000
20265.4718 312474.1315 403.6811 299803.526980000 -0.0000 0.0000 10.0000
20265.4581 312474.2097 403.6713 299803.536980000 -0.0000 0.0000 10.0000
20265.4443 312474.2879 403.6615 299803.546980000 -0.0000 0.0000 10.0000
20265.4305 312474.3660 403.6517 299803.556980000 -0.0000 0.0000 10.0000
20265.4167 312474.4442 403.6420 299803.566980000 -0.0000 0.0000 10.0000
20265.4029 312474.5224 403.6322 299803.576980000 -0.0000 0.0000 10.0000
20265.3891 312474.6006 403.6224 299803.586980000 -0.0000 0.0000 10.0000
20265.3753 312474.6788 403.6127 299803.596980000 -0.0000 0.0000 10.0000
20265.3615 312474.7570 403.6029 299803.606980000 -0.0000 0.0000 10.0000
20265.3477 312474.8352 403.5931 299803.616980000 -0.0000 0.0000 10.0000
20265.3340 312474.9134 403.5833 299803.626980000 -0.0000 0.0000 10.0000
20265.3202 312474.9916 403.5736 299803.636980000 -0.0000 0.0000 10.0000
20265.3064 312475.0698 403.5638 299803.646980000 -0.0000 0.0000 10.0000
20265.2926 312475.1480 403.5540 299803.656980000 -0.0000 0.0000 10.0000
20265.2788 312475.2262 403.5443 299803.666980000 -0.0000 0.0000 10.0000
20265.2650 312475.3044 403.5345 299803.676980000 -0.0000 0.0000 10.0000
20265.2512 312475.3826 403.5247 299803.686980000 -0.0000 0.0000 10.0000
20265.2374 312475.4608 403.5149 299803.696980000 -0.0000 0.0000 10.0000
20265.2237 312475.5390 403.5052 299803.706980000 -0.0000 0.0000 10.0000
20265.2099 312475.6172 403.4954 299803.716980000 -0.0000 0.0000 10.0000
20265.1961 312475.6954 403.4856 299803.726980000 -0.0000 0.0000 10.0000
20265.1823 312475.7735 403.4759 299803.736980000 -0.0000 0.0000 10.0000
20265.1685 312475.8517 403.4661 299803.746980000 -0.0000 0.0000 10.0000
20265.1547 312475.9299 403.4563 299803.756980000 -0.0000 0.0000 10.0000
20265.1409 312476.0081 403.4465 299803.766980000 -0.0000 0.0000 10.0000
20265.1271 312476.0863 403.4368 299803.776980000 -0.0000 0.0000 10.0000
20265.1134 312476.1645 403.4270 299803.786980000 -0.0000 0.0000 10.0000
20265.0996 312476.2427 403.4172 299803.796980000 -0.0000 0.0000 10.0000
20265.0858 312476.3209 403.4074 299803.806980000 -0.0000 0.0000 10.0000
20265.0720 312476.3991 403.3977 299803.816980000 -0.0000 0.0000 10.0000
20265.0582 312476.4773 403.3879 299803.826980000 -0.0000 0.0000 10.0000
20265.0444 312476.5555 403.3781 299803.836980000 -0.0000 0.0000 10.0000
20265.0306 312476.6337 403.3684 299803.846980000 -0.0000 0.0000 10.0000
20265.0168 312476.7119 403.3586 299803.856980000 -0.0000 0.0000 10.0000
20265.0031 312476.7901 403.3488 299803.866980000 -0.0000 0.0000 10.0000
20264.9893 312476.8683 403.3390 299803.876980000 -0.0000 0.0000 10.0000
20264.9755 312476.9465 403.3293 299803.886980000 -0.0000 0.0000 10.0000
20264.9617 312477.0247 403.3195 299803.896980000 -0.0000 0.0000 10.0000
20264.9479 312477.1029 403.3097 299803.906980000 -0.0000 0.0000 10.0000
20264.9341 312477.1811 403.3000 299803.916980000 -0.0000 0.0000 10.0000
20264.9203 312477.2592 403.2902 299803.926980000 -0.0000 0.0000 10.0000
20264.9065 312477.3374 403.2804 299803.936980000 -0.0000 0.0000 10.0000
20264.8928 312477.4156 403.2706 299803.946980000 -0.0000 0.0000 10.0000
20264.8790 312477.4938 403.2609 299803.956980000 -0.0000 0.0000 10.0000
20264.8652 312477.5720 403.2511 299803.966980000 -0.0000 0.0000 10.0000
20264.8514 312477.6502 403.2413 299803.976980000 -0.0000 0.0000 10.0000
20264.8376 312477.7284 403.2316 299803.986980000 -0.0000 0.0000 10.0000
20264.8238 312477.8066 403.2218 299803.996980000 -0.0000 0.0000 10.0000
20264.8100 312477.8848 403.2120 299804.006980000 -0.0000 0.0000 10.0000
20264.7962 312477.9630 403.2022 299804.016980000 -0.0000 0.0000 10.0000
20264.7824 312478.0412 403.1925 299804.026980000 -0.0000 0.0000 10.0000
20264.7687 312478.1194 403.1827 299804.036980000 -0.0000 0.0000 10.0000
20264.7549 312478.1976 403.1729 299804.046980000 -0.0000 0.0000 10.0000
20264.7411 312478.2758 403.1632 299804.056980000 -0.0000 0.0000 10.0000
20264.7273 312478.3540 403.1534 299804.066980000 -0.0000 0.0000 10.0000
20264.7135 312478.4322 403.1436 299804.076980000 -0.0000 0.0000 10.0000
20264.6997 312478.5104 403.1338 299804.086980000 -0.0000 0.0000 10.0000
20264.6859 312478.5886 403.1241 299804.096980000 -0.0000 0.0000 10.0000
20264.6721 312478.6668 403.1143 299804.106980000 -0.0000 0.0000 10.0000
20264.6584 312478.7449 403.1045 299804.116980000 -0.0000 0.0000 10.0000
20264.6446 312478.8231 403.0948 299804.126980000 -0.0000 0.0000 10.0000
20264.6308 312478.9013 403.0850 299804.136980000 -0.0000 0.0000 10.0000
20264.6170 312478.9795 403.0752 299804.146980000 -0.0000 0.0000 10.0000
20264.6032 312479.0577 403.0654 299804.156980000 -0.0000 0.0000 10.0000
20264.5894 312479.1359 403.0557 299804.166980000 -0.0000 0.0000 10.0000
20264.5756 312479.2141 403.0459 299804.176980000 -0.0000 0.0000 10.0000
20264.5618 312479.2923 403.0361 299804.186980000 -0.0000 0.0000 10.0000
20264.5481 312479.3705 403.0264 299804.196980000 -0.0000 0.0000 10.0000
20264.5343 312479.4487 403.0166 299804.206980000 -0.0000 0.0000 10.0000
20264.5205 312479.5269 403.0068 299804.216980000 -0.0000 0.0000 10.0000
20264.5067 312479.6051 402.9970 299804.226980000 -0.0000 0.0000 10.0000
20264.4929 312479.6833 402.9873 299804.236980000 -0.0000 0.0000 10.0000
20264.4791 312479.7615 402.9775 299804.246980000 -0.0000 0.0000 10.0000
20264.4653 312479.8397 402.9677 299804.256980000 -0.0000 0.0000 10.0000
20264.4515 312479.9179 402.9580 299804.266980000 -0.0000 0.0000 10.0000
20264.4378 312479.9961 402.9482 299804.276980000 -0.0000 0.0000 10.0000
20264.4240 312480.0743 402.9384 299804.286980000 -0.0000 0.0000 10.0000
20264.4102 312480.1525 402.9286 299804.296980000 -0.0000 0.0000 10.0000
20264.3964 312480.2306 402.9189 299804.306980000 -0.0000 0.0000 10.0000
20264.3826 312480.3088 402.9091 299804.316980000 -0.0000 0.0000 10.0000
20264.3688 312480.3870 402.8993 299804.326980000 -0.0000 0.0000 10.0000
20264.3550 312480.4652 402.8896 299804.336980000 -0.0000 0.0000 10.0000
20264.3412 312480.5434 402.8798 299804.346980000 -0.0000 0.0000 10.0000
20264.3275 312480.6216 402.8700 299804.356980000 -0.0000 0.0000 10.0000
20264.3137 312480.6998 402.8602 299804.366980000 -0.0000 0.0000 10.0000
20264.2999 312480.7780 402.8505 299804.376980000 -0.0000 0.0000 10.0000
20264.2861 312480.8562 402.8407 299804.386980000 -0.0000 0.0000 10.0000
20264.2723 312480.9344 402.8309 299804.396980000 -0.0000 0.0000 10.0000
20264.2585 312481.0126 402.8212 299804.406980000 -0.0000 0.0000 10.0000
20264.2447 312481.0908 402.8114 299804.416980000 -0.0000 0.0000 10.0000
20264.2309 312481.1690 402.8016 299804.426980000 -0.0000 0.0000 10.0000
20264.2171 312481.2472 402.7918 299804.436980000 -0.0000 0.0000 10.0000
20264.2034 312481.3254 402.7821 299804.446980000 -0.0000 0.0000 10.0000
20264.1896 312481.4036 402.7723 299804.456980000 -0.0000 0.0000 10.0000
20264.1758 312481.4818 402.7625 299804.466980000 -0.0000 0.0000 10.0000
20264.1620 312481.5600 402.7528 299804.476980000 -0.0000 0.0000 10.0000
20264.1482 312481.6382 402.7430 299804.486980000 -0.0000 0.0000 10.0000
20264.1344 312481.7163 402.7332 299804.496980000 -0.0000 0.0000 10.0000
20264.1206 312481.7945 402.7234 299804.506980000 -0.0000 0.0000 10.0000
20264.1068 312481.8727 402.7137 299804.516980000 -0.0000 0.0000 10.0000
20264.0931 312481.9509 402.7039 299804.526980000 -0.0000 0.0000 10.0000
20264.0793 312482.0291 402.6941 299804.536980000 -0.0000 0.0000 10.0000
20264.0655 312482.1073 402.6844 299804.546980000 -0.0000 0.0000 10.0000
20264.0517 312482.1855 402.6746 299804.556980000 -0.0000 0.0000 10.0000
20264.0379 312482.2637 402.6648 299804.566980000 -0.0000 0.0000 10.0000
20264.0241 312482.3419 402.6550 299804.576980000 -0.0000 0.0000 10.0000
20264.0103 312482.4201 402.6453 299804.586980000 -0.0000 0.0000 10.0000
20263.9965 312482.4983 402.6355 299804.596980000 -0.0000 0.0000 10.0000
20263.9828 312482.5765 402.6257 299804.606980000 -0.0000 0.0000 10.0000
20263.9690 312482.6547 402.6159 299804.616980000 -0.0000 0.0000 10.0000
20263.9552 312482.7329 402.6062 299804.626980000 -0.0000 0.0000 10.0000
20263.9414 312482.8111 402.5964 299804.636980000 -0.0000 0.0000 10.0000
20263.9276 312482.8893 402.5866 299804.646980000 -0.0000 0.0000 10.0000
20263.9138 312482.9675 402.5769 299804.656980000 -0.0000 0.0000 10.0000
20263.9000 312483.0457 402.5671 299804.666980000 -0.0000 0.0000 10.0000
20263.8862 312483.1239 402.5573 299804.676980000 -0.0000 0.0000 10.0000
20263.8725 312483.2020 402.5475 299804.686980000 -0.0000 0.0000 10.0000
20263.8587 312483.2802 402.5378 299804.696980000 -0.0000 0.0000 10.0000
20263.8449 312483.3584 402.5280 299804.706980000 -0.0000 0.0000 10.0000
20263.8311 312483.4366 402.5182 299804.716980000 -0.0000 0.0000 10.0000
20263.8173 312483.5148 402.5085 299804.726980000 -0.0000 0.0000 10.0000
20263.8035 312483.5930 402.4987 299804.736980000 -0.0000 0.0000 10.0000
20263.7897 312483.6712 402.4889 299804.746980000 -0.0000 0.0000 10.0000
20263.7759 312483.7494 402.4791 299804.756980000 -0.0000 0.0000 10.0000
20263.7622 312483.8276 402.4694 299804.766980000 -0.0000 0.0000 10.0000
20263.7484 312483.9058 402.4596 299804.776980000 -0.0000 0.0000 10.0000
20263.7346 312483.9840 402.4498 299804.786980000 -0.0000 0.0000 10.0000
20263.7208 312484.0622 402.4401 299804.796980000 -0.0000 0.0000 10.0000
20263.7070 312484.1404 402.4303 299804.806980000 -0.0000 0.0000 10.0000
20263.6932 312484.2186 402.4205 299804.816980000 -0.0000 0.0000 10.0000
20263.6794 312484.2968 402.4107 299804.826980000 -0.0000 0.0000 10.0000
20263.6656 312484.3750 402.4010 299804.836980000 -0.0000 0.0000 10.0000
20263.6518 312484.4532 402.3912 299804.846980000 -0.0000 0.0000 10.0000
20263.6381 312484.5314 402.3814 299804.856980000 -0.0000 0.0000 10.0000
20263.6243 312484.6096 402.3717 299804.866980000 -0.0000 0.0000 10.0000
20263.6105 312484.6877 402.3619 299804.876980000 -0.0000 0.0000 10.0000
20263.5967 312484.7659 402.3521 299804.886980000 -0.0000 0.0000 10.0000
20263.5829 312484.8441 402.3423 299804.896980000 -0.0000 0.0000 10.0000
20263.5691 312484.9223 402.3326 299804.906980000 -0.0000 0.0000 10.0000
20263.5553 312485.0005 402.3228 299804.916980000 -0.0000 0.0000 10.0000
20263.5415 312485.0787 402.3130 299804.926980000 -0.0000 0.0000 10.0000
20263.5278 312485.1569 402.3033 299804.936980000 -0.0000 0.0000 10.0000
20263.5140 312485.2351 402.2935 299804.946980000 -0.0000 0.0000 10.0000
20263.5002 312485.3133 402.2837 299804.956980000 -0.0000 0.0000 10.0000
20263.4864 312485.3915 402.2739 299804.966980000 -0.0000 0.0000 10.0000
20263.4726 312485.4697 402.2642 299804.976980000 -0.0000 0.0000 10.0000
20263.4588 312485.5479 402.2544 299804.986980000 -0.0000 0.0000 10.0000
20263.4450 312485.6261 402.2446 299804.996980000 -0.0000 0.0000 10.0000
20263.4312 312485.7043 402.2349 299805.006980000 -0.0000 0.0000 10.0000
20263.4175 312485.7825 402.2251 299805.016980000 -0.0000 0.0000 10.0000
20263.4037 312485.8607 402.2153 299805.026980000 -0.0000 0.0000 10.0000
20263.3899 312485.9389 402.2055 299805.036980000 -0.0000 0.0000 10.0000
20263.3761 312486.0171 402.1958 299805.046980000 -0.0000 0.0000 10.0000
20263.3623 312486.0953 402.1860 299805.056980000 -0.0000 0.0000 10.0000
20263.3485 312486.1734 402.1762 299805.066980000 -0.0000 0.0000 10.0000
20263.3347 312486.2516 402.1665 299805.076980000 -0.0000 0.0000 10.0000
20263.3209 312486.3298 402.1567 299805.086980000 -0.0000 0.0000 10.0000
20263.3072 312486.4080 402.1469 299805.096980000 -0.0000 0.0000 10.0000
20263.2934 312486.4862 402.1371 299805.106980000 -0.0000 0.0000 10.0000
20263.2796 312486.5644 402.1274 299805.116980000 -0.0000 0.0000 10.0000
20263.2658 312486.6426 402.1176 299805.126980000 -0.0000 0.0000 10.0000
20263.2520 312486.7208 402.1078 299805.136980000 -0.0000 0.0000 10.0000
20263.2382 312486.7990 402.0981 299805.146980000 -0.0000 0.0000 10.0000
20263.2244 312486.8772 402.0883 299805.156980000 -0.0000 0.0000 10.0000
20263.2106 312486.9554 402.0785 299805.166980000 -0.0000 0.0000 10.0000
20263.1969 312487.0336 402.0687 299805.176980000 -0.0000 0.0000 10.0000
20263.1831 312487.1118 402.0590 299805.186980000 -0.0000 0.0000 10.0000
20263.1693 312487.1900 402.0492 299805.196980000 -0.0000 0.0000 10.0000
20263.1555 312487.2682 402.0394 299805.206980000 -0.0000 0.0000 10.0000
20263.1417 312487.3464 402.0297 299805.216980000 -0.0000 0.0000 10.0000
20263.1279 312487.4246 402.0199 299805.226980000 -0.0000 0.0000 10.0000
20263.1141 312487.5028 402.0101 299805.236980000 -0.0000 0.0000 10.0000
20263.1003 312487.5810 402.0003 299805.246980000 -0.0000 0.0000 10.0000
20263.0865 312487.6591 401.9906 299805.256980000 -0.0000 0.0000 10.0000
20263.0728 312487.7373 401.9808 299805.266980000 -0.0000 0.0000 10.0000
20263.0590 312487.8155 401.9710 299805.276980000 -0.0000 0.0000 10.0000
20263.0452 312487.8937 401.9613 299805.286980000 -0.0000 0.0000 10.0000
20263.0314 312487.9719 401.9515 299805.296980000 -0.0000 0.0000 10.0000
20263.0176 312488.0501 401.9417 299805.306980000 -0.0000 0.0000 10.0000
20263.0038 312488.1283 401.9319 299805.316980000 -0.0000 0.0000 10.0000
20262.9900 312488.2065 401.9222 299805.326980000 -0.0000 0.0000 10.0000
20262.9762 312488.2847 401.9124 299805.336980000 -0.0000 0.0000 10.0000
20262.9625 312488.3629 401.9026 299805.346980000 -0.0000 0.0000 10.0000
20262.9487 312488.4411 401.8929 299805.356980000 -0.0000 0.0000 10.0000
20262.9349 312488.5193 401.8831 299805.366980000 -0.0000 0.0000 10.0000
20262.9211 312488.5975 401.8733 299805.376980000 -0.0000 0.0000 10.0000
20262.9073 312488.6757 401.8635 299805.386980000 -0.0000 0.0000 10.0000
20262.8935 312488.7539 401.8538 299805.396980000 -0.0000 0.0000 10.0000
20262.8797 312488.8321 401.8440 299805.406980000 -0.0000 0.0000 10.0000
20262.8659 312488.9103 401.8342 299805.416980000 -0.0000 0.0000 10.0000
20262.8522 312488.9885 401.8244 299805.426980000 -0.0000 0.0000 10.0000
20262.8384 312489.0666 401.8147 299805.436980000 -0.0000 0.0000 10.0000
20262.8246 312489.1448 401.8049 299805.446980000 -0.0000 0.0000 10.0000
20262.8108 312489.2230 401.7951 299805.456980000 -0.0000 0.0000 10.0000
20262.7970 312489.3012 401.7854 299805.466980000 -0.0000 0.0000 10.0000
20262.7832 312489.3794 401.7756 299805.476980000 -0.0000 0.0000 10.0000
20262.7694 312489.4576 401.7658 299805.486980000 -0.0000 0.0000 10.0000
20262.7556 312489.5358 401.7560 299805.496980000 -0.0000 0.0000 10.0000
20262.7419 312489.6140 401.7463 299805.506980000 -0.0000 0.0000 10.0000
20262.7281 312489.6922 401.7365 299805.516980000 -0.0000 0.0000 10.0000
20262.7143 312489.7704 401.7267 299805.526980000 -0.0000 0.0000 10.0000
20262.7005 312489.8486 401.7170 299805.536980000 -0.0000 0.0000 10.0000
20262.6867 312489.9268 401.7072 299805.546980000 -0.0000 0.0000 10.0000
20262.6729 312490.0050 401.6974 299805.556980000 -0.0000 0.0000 10.0000
20262.6591 312490.0832 401.6876 299805.566980000 -0.0000 0.0000 10.0000
20262.6453 312490.1614 401.6779 299805.576980000 -0.0000 0.0000 10.0000
20262.6316 312490.2396 401.6681 299805.586980000 -0.0000 0.0000 10.0000
20262.6178 312490.3178 401.6583 299805.596980000 -0.0000 0.0000 10.0000
20262.6040 312490.3960 401.6486 299805.606980000 -0.0000 0.0000 10.0000
20262.5902 312490.4742 401.6388 299805.616980000 -0.0000 0.0000 10.0000
20262.5764 312490.5523 401.6290 299805.626980000 -0.0000 0.0000 10.0000
20262.5626 312490.6305 401.6192 299805.636980000 -0.0000 0.0000 10.0000
20262.5488 312490.7087 401.6095 299805.646980000 -0.0000 0.0000 10.0000
20262.5350 312490.7869 401.5997 299805.656980000 -0.0000 0.0000 10.0000
20262.5212 312490.8651 401.5899 299805.666980000 -0.0000 0.0000 10.0000
20262.5075 312490.9433 401.5802 299805.676980000 -0.0000 0.0000 10.0000
20262.4937 312491.0215 401.5704 299805.686980000 -0.0000 0.0000 10.0000
20262.4799 312491.0997 401.5606 299805.696980000 -0.0000 0.0000 10.0000
20262.4661 312491.1779 401.5508 299805.706980000 -0.0000 0.0000 10.0000
20262.4523 312491.2561 401.5411 299805.716980000 -0.0000 0.0000 10.0000
20262.4385 312491.3343 401.5313 299805.726980000 -0.0000 0.0000 10.0000
20262.4247 312491.4125 401.5215 299805.736980000 -0.0000 0.0000 10.0000
20262.4109 312491.4907 401.5118 299805.746980000 -0.0000 0.0000 10.0000
20262.3972 312491.5689 401.5020 299805.756980000 -0.0000 0.0000 10.0000
20262.3834 312491.6471 401.4922 299805.766980000 -0.0000 0.0000 10.0000
20262.3696 312491.7253 401.4824 299805.776980000 -0.0000 0.0000 10.0000
20262.3558 312491.8035 401.4727 299805.786980000 -0.0000 0.0000 10.0000
20262.3420 312491.8817 401.4629 299805.796980000 -0.0000 0.0000 10.0000
20262.3282 312491.9599 401.4531 299805.806980000 -0.0000 0.0000 10.0000
20262.3144 312492.0380 401.4434 299805.816980000 -0.0000 0.0000 10.0000
20262.3006 312492.1162 401.4336 299805.826980000 -0.0000 0.0000 10.0000
20262.2869 312492.1944 401.4238 299805.836980000 -0.0000 0.0000 10.0000
20262.2731 312492.2726 401.4140 299805.846980000 -0.0000 0.0000 10.0000
20262.2593 312492.3508 401.4043 299805.856980000 -0.0000 0.0000 10.0000
20262.2455 312492.4290 401.3945 299805.866980000 -0.0000 0.0000 10.0000
20262.2317 312492.5072 401.3847 299805.876980000 -0.0000 0.0000 10.0000
20262.2179 312492.5854 401.3750 299805.886980000 -0.0000 0.0000 10.0000
20262.2041 312492.6636 401.3652 299805.896980000 -0.0000 0.0000 10.0000
20262.1903 312492.7418 401.3554 299805.906980000 -0.0000 0.0000 10.0000
20262.1766 312492.8200 401.3456 299805.916980000 -0.0000 0.0000 10.0000
20262.1628 312492.8982 401.3359 299805.926980000 -0.0000 0.0000 10.0000
20262.1490 312492.9764 401.3261 299805.936980000 -0.0000 0.0000 10.0000
20262.1352 312493.0546 401.3163 299805.946980000 -0.0000 0.0000 10.0000
20262.1214 312493.1328 401.3066 299805.956980000 -0.0000 0.0000 10.0000
20262.1076 312493.2110 401.2968 299805.966980000 -0.0000 0.0000 10.0000
20262.0938 312493.2892 401.2870 299805.976980000 -0.0000 0.0000 10.0000
20262.0800 312493.3674 401.2772 299805.986980000 -0.0000 0.0000 10.0000
20262.0663 312493.4456 401.2675 299805.996980000 -0.0000 0.0000 10.0000
20262.0525 312493.5237 401.2577 299806.006980000 -0.0000 0.0000 10.0000
20262.0387 312493.6019 401.2479 299806.016980000 -0.0000 0.0000 10.0000
20262.0249 312493.6801 401.2382 299806.026980000 -0.0000 0.0000 10.0000
20262.0111 312493.7583 401.2284 299806.036980000 -0.0000 0.0000 10.0000
20261.9973 312493.8365 401.2186 299806.046980000 -0.0000 0.0000 10.0000
20261.9835 312493.9147 401.2088 299806.056980000 -0.0000 0.0000 10.0000
20261.9697 312493.9929 401.1991 299806.066980000 -0.0000 0.0000 10.0000
20261.9559 312494.0711 401.1893 299806.076980000 -0.0000 0.0000 10.0000
20261.9422 312494.1493 401.1795 299806.086980000 -0.0000 0.0000 10.0000
20261.9284 312494.2275 401.1698 299806.096980000 -0.0000 0.0000 10.0000
20261.9146 312494.3057 401.1600 299806.106980000 -0.0000 0.0000 10.0000
20261.9008 312494.3839 401.1502 299806.116980000 -0.0000 0.0000 10.0000
20261.8870 312494.4621 401.1404 299806.126980000 -0.0000 0.0000 10.0000
20261.8732 312494.5403 401.1307 299806.136980000 -0.0000 0.0000 10.0000
20261.8594 312494.6185 401.1209 299806.146980000 -0.0000 0.0000 10.0000
20261.8456 312494.6967 401.1111 299806.156980000 -0.0000 0.0000 10.0000
20261.8319 312494.7749 401.1014 299806.166980000 -0.0000 0.0000 10.0000
20261.8181 312494.8531 401.0916 299806.176980000 -0.0000 0.0000 10.0000
20261.8043 312494.9313 401.0818 299806.186980000 -0.0000 0.0000 10.0000
20261.7905 312495.0094 401.0720 299806.196980000 -0.0000 0.0000 10.0000
20261.7767 312495.0876 401.0623 299806.206980000 -0.0000 0.0000 10.0000
20261.7629 312495.1658 401.0525 299806.216980000 -0.0000 0.0000 10.0000
20261.7491 312495.2440 401.0427 299806.226980000 -0.0000 0.0000 10.0000
20261.7353 312495.3222 401.0329 299806.236980000 -0.0000 0.0000 10.0000
20261.7216 312495.4004 401.0232 299806.246980000 -0.0000 0.0000 10.0000
20261.7078 312495.4786 401.0134 299806.256980000 -0.0000 0.0000 10.0000
20261.6940 312495.5568 401.0036 299806.266980000 -0.0000 0.0000 10.0000
20261.6802 312495.6350 400.9939 299806.276980000 -0.0000 0.0000 10.0000
20261.6664 312495.7132 400.9841 299806.286980000 -0.0000 0.0000 10.0000
20261.6526 312495.7914 400.9743 299806.296980000 -0.0000 0.0000 10.0000
20261.6388 312495.8696 400.9645 299806.306980000 -0.0000 0.0000 10.0000
20261.6250 312495.9478 400.9548 299806.316980000 -0.0000 0.0000 10.0000
20261.6113 312496.0260 400.9450 299806.326980000 -0.0000 0.0000 10.0000
20261.5975 312496.1042 400.9352 299806.336980000 -0.0000 0.0000 10.0000
20261.5837 312496.1824 400.9255 299806.346980000 -0.0000 0.0000 10.0000
20261.5699 312496.2606 400.9157 299806.356980000 -0.0000 0.0000 10.0000
20261.5561 312496.3388 400.9059 299806.366980000 -0.0000 0.0000 10.0000
20261.5423 312496.4170 400.8961 299806.376980000 -0.0000 0.0000 10.0000
20261.5285 312496.4951 400.8864 299806.386980000 -0.0000 0.0000 10.0000
20261.5147 312496.5733 400.8766 299806.396980000 -0.0000 0.0000 10.0000
20261.5010 312496.6515 400.8668 299806.406980000 -0.0000 0.0000 10.0000
20261.4872 312496.7297 400.8571 299806.416980000 -0.0000 0.0000 10.0000
20261.4734 312496.8079 400.8473 299806.426980000 -0.0000 0.0000 10.0000
20261.4596 312496.8861 400.8375 299806.436980000 -0.0000 0.0000 10.0000
20261.4458 312496.9643 400.8277 299806.446980000 -0.0000 0.0000 10.0000
20261.4320 312497.0425 400.8180 299806.456980000 -0.0000 0.0000 10.0000
20261.4182 312497.1207 400.8082 299806.466980000 -0.0000 0.0000 10.0000
20261.4044 312497.1989 400.7984 299806.476980000 -0.0000 0.0000 10.0000
20261.3906 312497.2771 400.7887 299806.486980000 -0.0000 0.0000 10.0000
20261.3769 312497.3553 400.7789 299806.496980000 -0.0000 0.0000 10.0000
20261.3631 312497.4335 400.7691 299806.506980000 -0.0000 0.0000 10.0000
20261.3493 312497.5117 400.7593 299806.516980000 -0.0000 0.0000 10.0000
20261.3355 312497.5899 400.7496 299806.526980000 -0.0000 0.0000 10.0000
20261.3217 312497.6681 400.7398 299806.536980000 -0.0000 0.0000 10.0000
20261.3079 312497.7463 400.7300 299806.546980000 -0.0000 0.0000 10.0000
20261.2941 312497.8245 400.7203 299806.556980000 -0.0000 0.0000 10.0000
20261.2803 312497.9027 400.7105 299806.566980000 -0.0000 0.0000 10.0000
20261.2666 312497.9808 400.7007 299806.576980000 -0.0000 0.0000 10.0000
20261.2528 312498.0590 400.6909 299806.586980000 -0.0000 0.0000 10.0000
20261.2390 312498.1372 400.6812 299806.596980000 -0.0000 0.0000 10.0000
20261.2252 312498.2154 400.6714 299806.606980000 -0.0000 0.0000 10.0000
20261.2114 312498.2936 400.6616 299806.616980000 -0.0000 0.0000 10.0000
20261.1976 312498.3718 400.6519 299806.626980000 -0.0000 0.0000 10.0000
20261.1838 312498.4500 400.6421 299806.636980000 -0.0000 0.0000 10.0000
20261.1700 312498.5282 400.6323 299806.646980000 -0.0000 0.0000 10.0000
20261.1563 312498.6064 400.6225 299806.656980000 -0.0000 0.0000 10.0000
20261.1425 312498.6846 400.6128 299806.666980000 -0.0000 0.0000 10.0000
20261.1287 312498.7628 400.6030 299806.676980000 -0.0000 0.0000 10.0000
20261.1149 312498.8410 400.5932 299806.686980000 -0.0000 0.0000 10.0000
20261.1011 312498.9192 400.5835 299806.696980000 -0.0000 0.0000 10.0000
20261.0873 312498.9974 400.5737 299806.706980000 -0.0000 0.0000 10.0000
20261.0735 312499.0756 400.5639 299806.716980000 -0.0000 0.0000 10.0000
20261.0597 312499.1538 400.5541 299806.726980000 -0.0000 0.0000 10.0000
20261.0460 312499.2320 400.5444 299806.736980000 -0.0000 0.0000 10.0000
20261.0322 312499.3102 400.5346 299806.746980000 -0.0000 0.0000 10.0000
20261.0184 312499.3884 400.5248 299806.756980000 -0.0000 0.0000 10.0000
20261.0046 312499.4665 400.5151 299806.766980000 -0.0000 0.0000 10.0000
20260.9908 312499.5447 400.5053 299806.776980000 -0.0000 0.0000 10.0000
20260.9770 312499.6229 400.4955 299806.786980000 -0.0000 0.0000 10.0000
20260.9632 312499.7011 400.4857 299806.796980000 -0.0000 0.0000 10.0000
20260.9494 312499.7793 400.4760 299806.806980000 -0.0000 0.0000 10.0000
20260.9357 312499.8575 400.4662 299806.816980000 -0.0000 0.0000 10.0000
20260.9219 312499.9357 400.4564 299806.826980000 -0.0000 0.0000 10.0000
20260.9081 312500.0139 400.4467 299806.836980000 -0.0000 0.0000 10.0000
20260.8943 312500.0921 400.4369 299806.846980000 -0.0000 0.0000 10.0000
20260.8805 312500.1703 400.4271 299806.856980000 -0.0000 0.0000 10.0000
20260.8667 312500.2485 400.4173 299806.866980000 -0.0000 0.0000 10.0000
20260.8529 312500.3267 400.4076 299806.876980000 -0.0000 0.0000 10.0000
20260.8391 312500.4049 400.3978 299806.886980000 -0.0000 0.0000 10.0000
20260.8253 312500.4831 400.3880 299806.896980000 -0.0000 0.0000 10.0000
20260.8116 312500.5613 400.3783 299806.906980000 -0.0000 0.0000 10.0000
20260.7978 312500.6395 400.3685 299806.916980000 -0.0000 0.0000 10.0000
20260.7840 312500.7177 400.3587 299806.926980000 -0.0000 0.0000 10.0000
20260.7702 312500.7959 400.3489 299806.936980000 -0.0000 0.0000 10.0000
20260.7564 312500.8741 400.3392 299806.946980000 -0.0000 0.0000 10.0000
20260.7426 312500.9522 400.3294 299806.956980000 -0.0000 0.0000 10.0000
20260.7288 312501.0304 400.3196 299806.966980000 -0.0000 0.0000 10.0000
20260.7150 312501.1086 400.3098 299806.976980000 -0.0000 0.0000 10.0000
20260.7013 312501.1868 400.3001 299806.986980000 -0.0000 0.0000 10.0000
20260.6875 312501.2650 400.2903 299806.996980000 -0.0000 0.0000 10.0000
20260.6737 312501.3432 400.2805 299807.006980000 -0.0000 0.0000 10.0000
20260.6599 312501.4214 400.2708 299807.016980000 -0.0000 0.0000 10.0000
20260.6461 312501.4996 400.2610 299807.026980000 -0.0000 0.0000 10.0000
20260.6323 312501.5778 400.2512 299807.036980000 -0.0000 0.0000 10.0000
20260.6185 312501.6560 400.2414 299807.046980000 -0.0000 0.0000 10.0000
20260.6047 312501.7342 400.2317 299807.056980000 -0.0000 0.0000 10.0000
20260.5910 312501.8124 400.2219 299807.066980000 -0.0000 0.0000 10.0000
20260.5772 312501.8906 400.2121 299807.076980000 -0.0000 0.0000 10.0000
20260.5634 312501.9688 400.2024 299807.086980000 -0.0000 0.0000 10.0000
20260.5496 312502.0470 400.1926 299807.096980000 -0.0000 0.0000 10.0000
20260.5358 312502.1252 400.1828 299807.106980000 -0.0000 0.0000 10.0000
20260.5220 312502.2034 400.1730 299807.116980000 -0.0000 0.0000 10.0000
20260.5082 312502.2816 400.1633 299807.126980000 -0.0000 0.0000 10.0000
20260.4944 312502.3598 400.1535 299807.136980000 -0.0000 0.0000 10.0000
20260.4807 312502.4379 400.1437 299807.146980000 -0.0000 0.0000 10.0000
20260.4669 312502.5161 400.1340 299807.156980000 -0.0000 0.0000 10.0000
20260.4531 312502.5943 400.1242 299807.166980000 -0.0000 0.0000 10.0000
20260.4393 312502.6725 400.1144 299807.176980000 -0.0000 0.0000 10.0000
20260.4255 312502.7507 400.1046 299807.186980000 -0.0000 0.0000 10.0000
20260.4117 312502.8289 400.0949 299807.196980000 -0.0000 0.0000 10.0000
20260.3979 312502.9071 400.0851 299807.206980000 -0.0000 0.0000 10.0000
20260.3841 312502.9853 400.0753 299807.216980000 -0.0000 0.0000 10.0000
20260.3704 312503.0635 400.0656 299807.226980000 -0.0000 0.0000 10.0000
20260.3566 312503.1417 400.0558 299807.236980000 -0.0000 0.0000 10.0000
20260.3428 312503.2199 400.0460 299807.246980000 -0.0000 0.0000 10.0000
20260.3290 312503.2981 400.0362 299807.256980000 -0.0000 0.0000 10.0000
20260.3152 312503.3763 400.0265 299807.266980000 -0.0000 0.0000 10.0000
20260.3014 312503.4545 400.0167 299807.276980000 -0.0000 0.0000 10.0000
20260.2876 312503.5327 400.0069 299807.286980000 -0.0000 0.0000 10.0000
20260.2738 312503.6109 399.9972 299807.296980000 -0.0000 0.0000 10.0000
20260.2600 312503.6891 399.9874 299807.306980000 -0.0000 0.0000 10.0000
20260.2463 312503.7673 399.9776 299807.316980000 -0.0000 0.0000 10.0000
20260.2325 312503.8454 399.9678 299807.326980000 -0.0000 0.0000 10.0000
20260.2187 312503.9236 399.9581 299807.336980000 -0.0000 0.0000 10.0000
20260.2049 312504.0018 399.9483 299807.346980000 -0.0000 0.0000 10.0000
20260.1911 312504.0800 399.9385 299807.356980000 -0.0000 0.0000 10.0000
20260.1773 312504.1582 399.9288 299807.366980000 -0.0000 0.0000 10.0000
20260.1635 312504.2364 399.9190 299807.376980000 -0.0000 0.0000 10.0000
20260.1497 312504.3146 399.9092 299807.386980000 -0.0000 0.0000 10.0000
20260.1360 312504.3928 399.8994 299807.396980000 -0.0000 0.0000 10.0000
20260.1222 312504.4710 399.8897 299807.406980000 -0.0000 0.0000 10.0000
20260.1084 312504.5492 399.8799 299807.416980000 -0.0000 0.0000 10.0000
20260.0946 312504.6274 399.8701 299807.426980000 -0.0000 0.0000 10.0000
20260.0808 312504.7056 399.8604 299807.436980000 -0.0000 0.0000 10.0000
20260.0670 312504.7838 399.8506 299807.446980000 -0.0000 0.0000 10.0000
20260.0532 312504.8620 399.8408 299807.456980000 -0.0000 0.0000 10.0000
20260.0394 312504.9402 399.8310 299807.466980000 -0.0000 0.0000 10.0000
20260.0257 312505.0184 399.8213 299807.476980000 -0.0000 0.0000 10.0000
20260.0119 312505.0966 399.8115 299807.486980000 -0.0000 0.0000 10.0000
20259.9981 312505.1748 399.8017 299807.496980000 -0.0000 0.0000 10.0000
20259.9843 312505.2530 399.7920 299807.506980000 -0.0000 0.0000 10.0000
20259.9705 312505.3311 399.7822 299807.516980000 -0.0000 0.0000 10.0000
20259.9567 312505.4093 399.7724 299807.526980000 -0.0000 0.0000 10.0000
20259.9429 312505.4875 399.7626 299807.536980000 -0.0000 0.0000 10.0000
20259.9291 312505.5657 399.7529 299807.546980000 -0.0000 0.0000 10.0000
20259.9154 312505.6439 399.7431 299807.556980000 -0.0000 0.0000 10.0000
20259.9016 312505.7221 399.7333 299807.566980000 -0.0000 0.0000 10.0000
20259.8878 312505.8003 399.7236 299807.576980000 -0.0000 0.0000 10.0000
20259.8740 312505.8785 399.7138 299807.586980000 -0.0000 0.0000 10.0000
20259.8602 312505.9567 399.7040 299807.596980000 -0.0000 0.0000 10.0000
20259.8464 312506.0349 399.6942 299807.606980000 -0.0000 0.0000 10.0000
20259.8326 312506.1131 399.6845 299807.616980000 -0.0000 0.0000 10.0000
20259.8188 312506.1913 399.6747 299807.626980000 -0.0000 0.0000 10.0000
20259.8051 312506.2695 399.6649 299807.636980000 -0.0000 0.0000 10.0000
20259.7913 312506.3477 399.6552 299807.646980000 -0.0000 0.0000 10.0000
20259.7775 312506.4259 399.6454 299807.656980000 -0.0000 0.0000 10.0000
20259.7637 312506.5041 399.6356 299807.666980000 -0.0000 0.0000 10.0000
20259.7499 312506.5823 399.6258 299807.676980000 -0.0000 0.0000 10.0000
20259.7361 312506.6605 399.6161 299807.686980000 -0.0000 0.0000 10.0000
20259.7223 312506.7387 399.6063 299807.696980000 -0.0000 0.0000 10.0000
20259.7085 312506.8168 399.5965 299807.706980000 -0.0000 0.0000 10.0000
20259.6947 312506.8950 399.5868 299807.716980000 -0.0000 0.0000 10.0000
20259.6810 312506.9732 399.5770 299807.726980000 -0.0000 0.0000 10.0000
20259.6672 312507.0514 399.5672 299807.736980000 -0.0000 0.0000 10.0000
20259.6534 312507.1296 399.5574 299807.746980000 -0.0000 0.0000 10.0000
20259.6396 312507.2078 399.5477 299807.756980000 -0.0000 0.0000 10.0000
20259.6258 312507.2860 399.5379 299807.766980000 -0.0000 0.0000 10.0000
20259.6120 312507.3642 399.5281 299807.776980000 -0.0000 0.0000 10.0000
20259.5982 312507.4424 399.5183 299807.786980000 -0.0000 0.0000 10.0000
20259.5844 312507.5206 399.5086 299807.796980000 -0.0000 0.0000 10.0000
20259.5707 312507.5988 399.4988 299807.806980000 -0.0000 0.0000 10.0000
20259.5569 312507.6770 399.4890 299807.816980000 -0.0000 0.0000 10.0000
20259.5431 312507.7552 399.4793 299807.826980000 -0.0000 0.0000 10.0000
20259.5293 312507.8334 399.4695 299807.836980000 -0.0000 0.0000 10.0000
20259.5155 312507.9116 399.4597 299807.846980000 -0.0000 0.0000 10.0000
20259.5017 312507.9898 399.4499 299807.856980000 -0.0000 0.0000 10.0000
20259.4879 312508.0680 399.4402 299807.866980000 -0.0000 0.0000 10.0000
20259.4741 312508.1462 399.4304 299807.876980000 -0.0000 0.0000 10.0000
20259.4604 312508.2244 399.4206 299807.886980000 -0.0000 0.0000 10.0000
20259.4466 312508.3025 399.4109 299807.896980000 -0.0000 0.0000 10.0000
20259.4328 312508.3807 399.4011 299807.906980000 -0.0000 0.0000 10.0000
20259.4190 312508.4589 399.3913 299807.916980000 -0.0000 0.0000 10.0000
20259.4052 312508.5371 399.3815 299807.926980000 -0.0000 0.0000 10.0000
20259.3914 312508.6153 399.3718 299807.936980000 -0.0000 0.0000 10.0000
20259.3776 312508.6935 399.3620 299807.946980000 -0.0000 0.0000 10.0000
20259.3638 312508.7717 399.3522 299807.956980000 -0.0000 0.0000 10.0000
20259.3501 312508.8499 399.3425 299807.966980000 -0.0000 0.0000 10.0000
20259.3363 312508.9281 399.3327 299807.976980000 -0.0000 0.0000 10.0000
20259.3225 312509.0063 399.3229 299807.986980000 -0.0000 0.0000 10.0000
20259.3087 312509.0845 399.3131 299807.996980000 -0.0000 0.0000 10.0000
20259.2949 312509.1627 399.3034 299808.006980000 -0.0000 0.0000 10.0000
20259.2811 312509.2409 399.2936 299808.016980000 -0.0000 0.0000 10.0000
20259.2673 312509.3191 399.2838 299808.026980000 -0.0000 0.0000 10.0000
20259.2535 312509.3973 399.2741 299808.036980000 -0.0000 0.0000 10.0000
20259.2398 312509.4755 399.2643 299808.046980000 -0.0000 0.0000 10.0000
20259.2260 312509.5537 399.2545 299808.056980000 -0.0000 0.0000 10.0000
20259.2122 312509.6319 399.2447 299808.066980000 -0.0000 0.0000 10.0000
20259.1984 312509.7101 399.2350 299808.076980000 -0.0000 0.0000 10.0000
20259.1846 312509.7882 399.2252 299808.086980000 -0.0000 0.0000 10.0000
20259.1708 312509.8664 399.2154 299808.096980000 -0.0000 0.0000 10.0000
20259.1570 312509.9446 399.2057 299808.106980000 -0.0000 0.0000 10.0000
20259.1432 312510.0228 399.1959 299808.116980000 -0.0000 0.0000 10.0000
20259.1294 312510.1010 399.1861 299808.126980000 -0.0000 0.0000 10.0000
20259.1157 312510.1792 399.1763 299808.136980000 -0.0000 0.0000 10.0000
20259.1019 312510.2574 399.1666 299808.146980000 -0.0000 0.0000 10.0000
20259.0881 312510.3356 399.1568 299808.156980000 -0.0000 0.0000 10.0000
20259.0743 312510.4138 399.1470 299808.166980000 -0.0000 0.0000 10.0000
20259.0605 312510.4920 399.1373 299808.176980000 -0.0000 0.0000 10.0000
20259.0467 312510.5702 399.1275 299808.186980000 -0.0000 0.0000 10.0000
20259.0329 312510.6484 399.1177 299808.196980000 -0.0000 0.0000 10.0000
20259.0191 312510.7266 399.1079 299808.206980000 -0.0000 0.0000 10.0000
20259.0054 312510.8048 399.0982 299808.216980000 -0.0000 0.0000 10.0000
20258.9916 312510.8830 399.0884 299808.226980000 -0.0000 0.0000 10.0000
20258.9778 312510.9612 399.0786 299808.236980000 -0.0000 0.0000 10.0000
20258.9640 312511.0394 399.0689 299808.246980000 -0.0000 0.0000 10.0000
20258.9502 312511.1176 399.0591 299808.256980000 -0.0000 0.0000 10.0000
20258.9364 312511.1958 399.0493 299808.266980000 -0.0000 0.0000 10.0000
20258.9226 312511.2739 399.0395 299808.276980000 -0.0000 0.0000 10.0000
20258.9088 312511.3521 399.0298 299808.286980000 -0.0000 0.0000 10.0000
20258.8951 312511.4303 399.0200 299808.296980000 -0.0000 0.0000 10.0000
20258.8813 312511.5085 399.0102 299808.306980000 -0.0000 0.0000 10.0000
20258.8675 312511.5867 399.0005 299808.316980000 -0.0000 0.0000 10.0000
20258.8537 312511.6649 398.9907 299808.326980000 -0.0000 0.0000 10.0000
20258.8399 312511.7431 398.9809 299808.336980000 -0.0000 0.0000 10.0000
20258.8261 312511.8213 398.9711 299808.346980000 -0.0000 0.0000 10.0000
20258.8123 312511.8995 398.9614 299808.356980000 -0.0000 0.0000 10.0000
20258.7985 312511.9777 398.9516 299808.366980000 -0.0000 0.0000 10.0000
