20258.7906 312512.0225 398.9460 299808.372710000 -0.0000 0.0000 280.0000
20258.8648 312512.0356 398.9731 299808.382710000 -0.0000 0.0000 280.0000
20258.9389 312512.0486 399.0002 299808.392710000 -0.0000 0.0000 280.0000
20259.0130 312512.0617 399.0274 299808.402710000 -0.0000 0.0000 280.0000
20259.0871 312512.0748 399.0545 299808.412710000 -0.0000 0.0000 280.0000
20259.1612 312512.0878 399.0816 299808.422710000 -0.0000 0.0000 280.0000
20259.2353 312512.1009 399.1087 299808.432710000 -0.0000 0.0000 280.0000
20259.3095 312512.1140 399.1359 299808.442710000 -0.0000 0.0000 280.0000
20259.3836 312512.1271 399.1630 299808.452710000 -0.0000 0.0000 280.0000
20259.4577 312512.1401 399.1901 299808.462710000 -0.0000 0.0000 280.0000
20259.5318 312512.1532 399.2172 299808.472710000 -0.0000 0.0000 280.0000
20259.6059 312512.1663 399.2444 299808.482710000 -0.0000 0.0000 280.0000
20259.6801 312512.1793 399.2715 299808.492710000 -0.0000 0.0000 280.0000
20259.7542 312512.1924 399.2986 299808.502710000 -0.0000 0.0000 280.0000
20259.8283 312512.2055 399.3257 299808.512710000 -0.0000 0.0000 280.0000
20259.9024 312512.2185 399.3529 299808.522710000 -0.0000 0.0000 280.0000
20259.9765 312512.2316 399.3800 299808.532710000 -0.0000 0.0000 280.0000
20260.0506 312512.2447 399.4071 299808.542710000 -0.0000 0.0000 280.0000
20260.1248 312512.2577 399.4342 299808.552710000 -0.0000 0.0000 280.0000
20260.1989 312512.2708 399.4614 299808.562710000 -0.0000 0.0000 280.0000
20260.2730 312512.2839 399.4885 299808.572710000 -0.0000 0.0000 280.0000
20260.3471 312512.2970 399.5156 299808.582710000 -0.0000 0.0000 280.0000
20260.4212 312512.3100 399.5427 299808.592710000 -0.0000 0.0000 280.0000
20260.4954 312512.3231 399.5699 299808.602710000 -0.0000 0.0000 280.0000
20260.5695 312512.3362 399.5970 299808.612710000 -0.0000 0.0000 280.0000
20260.6436 312512.3492 399.6241 299808.622710000 -0.0000 0.0000 280.0000
20260.7177 312512.3623 399.6512 299808.632710000 -0.0000 0.0000 280.0000
20260.7918 312512.3754 399.6784 299808.642710000 -0.0000 0.0000 280.0000
20260.8659 312512.3884 399.7055 299808.652710000 -0.0000 0.0000 280.0000
20260.9401 312512.4015 399.7326 299808.662710000 -0.0000 0.0000 280.0000
20261.0142 312512.4146 399.7597 299808.672710000 -0.0000 0.0000 280.0000
20261.0883 312512.4276 399.7868 299808.682710000 -0.0000 0.0000 280.0000
20261.1624 312512.4407 399.8140 299808.692710000 -0.0000 0.0000 280.0000
20261.2365 312512.4538 399.8411 299808.702710000 -0.0000 0.0000 280.0000
20261.3107 312512.4669 399.8682 299808.712710000 -0.0000 0.0000 280.0000
20261.3848 312512.4799 399.8953 299808.722710000 -0.0000 0.0000 280.0000
20261.4589 312512.4930 399.9225 299808.732710000 -0.0000 0.0000 280.0000
20261.5330 312512.5061 399.9496 299808.742710000 -0.0000 0.0000 280.0000
20261.6071 312512.5191 399.9767 299808.752710000 -0.0000 0.0000 280.0000
20261.6812 312512.5322 400.0038 299808.762710000 -0.0000 0.0000 280.0000
20261.7554 312512.5453 400.0310 299808.772710000 -0.0000 0.0000 280.0000
20261.8295 312512.5583 400.0581 299808.782710000 -0.0000 0.0000 280.0000
20261.9036 312512.5714 400.0852 299808.792710000 -0.0000 0.0000 280.0000
20261.9777 312512.5845 400.1123 299808.802710000 -0.0000 0.0000 280.0000
20262.0518 312512.5975 400.1395 299808.812710000 -0.0000 0.0000 280.0000
20262.1260 312512.6106 400.1666 299808.822710000 -0.0000 0.0000 280.0000
20262.2001 312512.6237 400.1937 299808.832710000 -0.0000 0.0000 280.0000
20262.2742 312512.6367 400.2208 299808.842710000 -0.0000 0.0000 280.0000
20262.3483 312512.6498 400.2480 299808.852710000 -0.0000 0.0000 280.0000
20262.4224 312512.6629 400.2751 299808.862710000 -0.0000 0.0000 280.0000
20262.4965 312512.6760 400.3022 299808.872710000 -0.0000 0.0000 280.0000
20262.5707 312512.6890 400.3293 299808.882710000 -0.0000 0.0000 280.0000
20262.6448 312512.7021 400.3565 299808.892710000 -0.0000 0.0000 280.0000
20262.7189 312512.7152 400.3836 299808.902710000 -0.0000 0.0000 280.0000
20262.7930 312512.7282 400.4107 299808.912710000 -0.0000 0.0000 280.0000
20262.8671 312512.7413 400.4378 299808.922710000 -0.0000 0.0000 280.0000
20262.9412 312512.7544 400.4650 299808.932710000 -0.0000 0.0000 280.0000
20263.0154 312512.7674 400.4921 299808.942710000 -0.0000 0.0000 280.0000
20263.0895 312512.7805 400.5192 299808.952710000 -0.0000 0.0000 280.0000
20263.1636 312512.7936 400.5463 299808.962710000 -0.0000 0.0000 280.0000
20263.2377 312512.8066 400.5734 299808.972710000 -0.0000 0.0000 280.0000
20263.3118 312512.8197 400.6006 299808.982710000 -0.0000 0.0000 280.0000
20263.3860 312512.8328 400.6277 299808.992710000 -0.0000 0.0000 280.0000
20263.4601 312512.8459 400.6548 299809.002710000 -0.0000 0.0000 280.0000
20263.5342 312512.8589 400.6819 299809.012710000 -0.0000 0.0000 280.0000
20263.6083 312512.8720 400.7091 299809.022710000 -0.0000 0.0000 280.0000
20263.6824 312512.8851 400.7362 299809.032710000 -0.0000 0.0000 280.0000
20263.7565 312512.8981 400.7633 299809.042710000 -0.0000 0.0000 280.0000
20263.8307 312512.9112 400.7904 299809.052710000 -0.0000 0.0000 280.0000
20263.9048 312512.9243 400.8176 299809.062710000 -0.0000 0.0000 280.0000
20263.9789 312512.9373 400.8447 299809.072710000 -0.0000 0.0000 280.0000
20264.0530 312512.9504 400.8718 299809.082710000 -0.0000 0.0000 280.0000
20264.1271 312512.9635 400.8989 299809.092710000 -0.0000 0.0000 280.0000
20264.2013 312512.9765 400.9261 299809.102710000 -0.0000 0.0000 280.0000
20264.2754 312512.9896 400.9532 299809.112710000 -0.0000 0.0000 280.0000
20264.3495 312513.0027 400.9803 299809.122710000 -0.0000 0.0000 280.0000
20264.4236 312513.0157 401.0074 299809.132710000 -0.0000 0.0000 280.0000
20264.4977 312513.0288 401.0346 299809.142710000 -0.0000 0.0000 280.0000
20264.5718 312513.0419 401.0617 299809.152710000 -0.0000 0.0000 280.0000
20264.6460 312513.0550 401.0888 299809.162710000 -0.0000 0.0000 280.0000
20264.7201 312513.0680 401.1159 299809.172710000 -0.0000 0.0000 280.0000
20264.7942 312513.0811 401.1431 299809.182710000 -0.0000 0.0000 280.0000
20264.8683 312513.0942 401.1702 299809.192710000 -0.0000 0.0000 280.0000
20264.9424 312513.1072 401.1973 299809.202710000 -0.0000 0.0000 280.0000
20265.0166 312513.1203 401.2244 299809.212710000 -0.0000 0.0000 280.0000
20265.0907 312513.1334 401.2516 299809.222710000 -0.0000 0.0000 280.0000
20265.1648 312513.1464 401.2787 299809.232710000 -0.0000 0.0000 280.0000
20265.2389 312513.1595 401.3058 299809.242710000 -0.0000 0.0000 280.0000
20265.3130 312513.1726 401.3329 299809.252710000 -0.0000 0.0000 280.0000
20265.3871 312513.1856 401.3601 299809.262710000 -0.0000 0.0000 280.0000
20265.4613 312513.1987 401.3872 299809.272710000 -0.0000 0.0000 280.0000
20265.5354 312513.2118 401.4143 299809.282710000 -0.0000 0.0000 280.0000
20265.6095 312513.2249 401.4414 299809.292710000 -0.0000 0.0000 280.0000
20265.6836 312513.2379 401.4685 299809.302710000 -0.0000 0.0000 280.0000
20265.7577 312513.2510 401.4957 299809.312710000 -0.0000 0.0000 280.0000
20265.8319 312513.2641 401.5228 299809.322710000 -0.0000 0.0000 280.0000
20265.9060 312513.2771 401.5499 299809.332710000 -0.0000 0.0000 280.0000
20265.9801 312513.2902 401.5770 299809.342710000 -0.0000 0.0000 280.0000
20266.0542 312513.3033 401.6042 299809.352710000 -0.0000 0.0000 280.0000
20266.1283 312513.3163 401.6313 299809.362710000 -0.0000 0.0000 280.0000
20266.2024 312513.3294 401.6584 299809.372710000 -0.0000 0.0000 280.0000
20266.2766 312513.3425 401.6855 299809.382710000 -0.0000 0.0000 280.0000
20266.3507 312513.3555 401.7127 299809.392710000 -0.0000 0.0000 280.0000
20266.4248 312513.3686 401.7398 299809.402710000 -0.0000 0.0000 280.0000
20266.4989 312513.3817 401.7669 299809.412710000 -0.0000 0.0000 280.0000
20266.5730 312513.3947 401.7940 299809.422710000 -0.0000 0.0000 280.0000
20266.6471 312513.4078 401.8212 299809.432710000 -0.0000 0.0000 280.0000
20266.7213 312513.4209 401.8483 299809.442710000 -0.0000 0.0000 280.0000
20266.7954 312513.4340 401.8754 299809.452710000 -0.0000 0.0000 280.0000
20266.8695 312513.4470 401.9025 299809.462710000 -0.0000 0.0000 280.0000
20266.9436 312513.4601 401.9297 299809.472710000 -0.0000 0.0000 280.0000
20267.0177 312513.4732 401.9568 299809.482710000 -0.0000 0.0000 280.0000
20267.0919 312513.4862 401.9839 299809.492710000 -0.0000 0.0000 280.0000
20267.1660 312513.4993 402.0110 299809.502710000 -0.0000 0.0000 280.0000
20267.2401 312513.5124 402.0382 299809.512710000 -0.0000 0.0000 280.0000
20267.3142 312513.5254 402.0653 299809.522710000 -0.0000 0.0000 280.0000
20267.3883 312513.5385 402.0924 299809.532710000 -0.0000 0.0000 280.0000
20267.4624 312513.5516 402.1195 299809.542710000 -0.0000 0.0000 280.0000
20267.5366 312513.5646 402.1467 299809.552710000 -0.0000 0.0000 280.0000
20267.6107 312513.5777 402.1738 299809.562710000 -0.0000 0.0000 280.0000
20267.6848 312513.5908 402.2009 299809.572710000 -0.0000 0.0000 280.0000
20267.7589 312513.6039 402.2280 299809.582710000 -0.0000 0.0000 280.0000
20267.8330 312513.6169 402.2552 299809.592710000 -0.0000 0.0000 280.0000
20267.9072 312513.6300 402.2823 299809.602710000 -0.0000 0.0000 280.0000
20267.9813 312513.6431 402.3094 299809.612710000 -0.0000 0.0000 280.0000
20268.0554 312513.6561 402.3365 299809.622710000 -0.0000 0.0000 280.0000
20268.1295 312513.6692 402.3636 299809.632710000 -0.0000 0.0000 280.0000
20268.2036 312513.6823 402.3908 299809.642710000 -0.0000 0.0000 280.0000
20268.2777 312513.6953 402.4179 299809.652710000 -0.0000 0.0000 280.0000
20268.3519 312513.7084 402.4450 299809.662710000 -0.0000 0.0000 280.0000
20268.4260 312513.7215 402.4721 299809.672710000 -0.0000 0.0000 280.0000
20268.5001 312513.7345 402.4993 299809.682710000 -0.0000 0.0000 280.0000
20268.5742 312513.7476 402.5264 299809.692710000 -0.0000 0.0000 280.0000
20268.6483 312513.7607 402.5535 299809.702710000 -0.0000 0.0000 280.0000
20268.7225 312513.7737 402.5806 299809.712710000 -0.0000 0.0000 280.0000
20268.7966 312513.7868 402.6078 299809.722710000 -0.0000 0.0000 280.0000
20268.8707 312513.7999 402.6349 299809.732710000 -0.0000 0.0000 280.0000
20268.9448 312513.8130 402.6620 299809.742710000 -0.0000 0.0000 280.0000
20269.0189 312513.8260 402.6891 299809.752710000 -0.0000 0.0000 280.0000
20269.0930 312513.8391 402.7163 299809.762710000 -0.0000 0.0000 280.0000
20269.1672 312513.8522 402.7434 299809.772710000 -0.0000 0.0000 280.0000
20269.2413 312513.8652 402.7705 299809.782710000 -0.0000 0.0000 280.0000
20269.3154 312513.8783 402.7976 299809.792710000 -0.0000 0.0000 280.0000
20269.3895 312513.8914 402.8248 299809.802710000 -0.0000 0.0000 280.0000
20269.4636 312513.9044 402.8519 299809.812710000 -0.0000 0.0000 280.0000
20269.5378 312513.9175 402.8790 299809.822710000 -0.0000 0.0000 280.0000
20269.6119 312513.9306 402.9061 299809.832710000 -0.0000 0.0000 280.0000
20269.6860 312513.9436 402.9333 299809.842710000 -0.0000 0.0000 280.0000
20269.7601 312513.9567 402.9604 299809.852710000 -0.0000 0.0000 280.0000
20269.8342 312513.9698 402.9875 299809.862710000 -0.0000 0.0000 280.0000
20269.9083 312513.9829 403.0146 299809.872710000 -0.0000 0.0000 280.0000
20269.9825 312513.9959 403.0418 299809.882710000 -0.0000 0.0000 280.0000
20270.0566 312514.0090 403.0689 299809.892710000 -0.0000 0.0000 280.0000
20270.1307 312514.0221 403.0960 299809.902710000 -0.0000 0.0000 280.0000
20270.2048 312514.0351 403.1231 299809.912710000 -0.0000 0.0000 280.0000
20270.2789 312514.0482 403.1502 299809.922710000 -0.0000 0.0000 280.0000
20270.3530 312514.0613 403.1774 299809.932710000 -0.0000 0.0000 280.0000
20270.4272 312514.0743 403.2045 299809.942710000 -0.0000 0.0000 280.0000
20270.5013 312514.0874 403.2316 299809.952710000 -0.0000 0.0000 280.0000
20270.5754 312514.1005 403.2587 299809.962710000 -0.0000 0.0000 280.0000
20270.6495 312514.1135 403.2859 299809.972710000 -0.0000 0.0000 280.0000
20270.7236 312514.1266 403.3130 299809.982710000 -0.0000 0.0000 280.0000
20270.7978 312514.1397 403.3401 299809.992710000 -0.0000 0.0000 280.0000
20270.8719 312514.1528 403.3672 299810.002710000 -0.0000 0.0000 280.0000
20270.9460 312514.1658 403.3944 299810.012710000 -0.0000 0.0000 280.0000
20271.0201 312514.1789 403.4215 299810.022710000 -0.0000 0.0000 280.0000
20271.0942 312514.1920 403.4486 299810.032710000 -0.0000 0.0000 280.0000
20271.1683 312514.2050 403.4757 299810.042710000 -0.0000 0.0000 280.0000
20271.2425 312514.2181 403.5029 299810.052710000 -0.0000 0.0000 280.0000
20271.3166 312514.2312 403.5300 299810.062710000 -0.0000 0.0000 280.0000
20271.3907 312514.2442 403.5571 299810.072710000 -0.0000 0.0000 280.0000
20271.4648 312514.2573 403.5842 299810.082710000 -0.0000 0.0000 280.0000
20271.5389 312514.2704 403.6114 299810.092710000 -0.0000 0.0000 280.0000
20271.6131 312514.2834 403.6385 299810.102710000 -0.0000 0.0000 280.0000
20271.6872 312514.2965 403.6656 299810.112710000 -0.0000 0.0000 280.0000
20271.7613 312514.3096 403.6927 299810.122710000 -0.0000 0.0000 280.0000
20271.8354 312514.3226 403.7199 299810.132710000 -0.0000 0.0000 280.0000
20271.9095 312514.3357 403.7470 299810.142710000 -0.0000 0.0000 280.0000
20271.9836 312514.3488 403.7741 299810.152710000 -0.0000 0.0000 280.0000
20272.0578 312514.3619 403.8012 299810.162710000 -0.0000 0.0000 280.0000
20272.1319 312514.3749 403.8284 299810.172710000 -0.0000 0.0000 280.0000
20272.2060 312514.3880 403.8555 299810.182710000 -0.0000 0.0000 280.0000
20272.2801 312514.4011 403.8826 299810.192710000 -0.0000 0.0000 280.0000
20272.3542 312514.4141 403.9097 299810.202710000 -0.0000 0.0000 280.0000
20272.4284 312514.4272 403.9369 299810.212710000 -0.0000 0.0000 280.0000
20272.5025 312514.4403 403.9640 299810.222710000 -0.0000 0.0000 280.0000
20272.5766 312514.4533 403.9911 299810.232710000 -0.0000 0.0000 280.0000
20272.6507 312514.4664 404.0182 299810.242710000 -0.0000 0.0000 280.0000
20272.7248 312514.4795 404.0453 299810.252710000 -0.0000 0.0000 280.0000
20272.7989 312514.4925 404.0725 299810.262710000 -0.0000 0.0000 280.0000
20272.8731 312514.5056 404.0996 299810.272710000 -0.0000 0.0000 280.0000
20272.9472 312514.5187 404.1267 299810.282710000 -0.0000 0.0000 280.0000
20273.0213 312514.5318 404.1538 299810.292710000 -0.0000 0.0000 280.0000
20273.0954 312514.5448 404.1810 299810.302710000 -0.0000 0.0000 280.0000
20273.1695 312514.5579 404.2081 299810.312710000 -0.0000 0.0000 280.0000
20273.2437 312514.5710 404.2352 299810.322710000 -0.0000 0.0000 280.0000
20273.3178 312514.5840 404.2623 299810.332710000 -0.0000 0.0000 280.0000
20273.3919 312514.5971 404.2895 299810.342710000 -0.0000 0.0000 280.0000
20273.4660 312514.6102 404.3166 299810.352710000 -0.0000 0.0000 280.0000
20273.5401 312514.6232 404.3437 299810.362710000 -0.0000 0.0000 280.0000
20273.6142 312514.6363 404.3708 299810.372710000 -0.0000 0.0000 280.0000
20273.6884 312514.6494 404.3980 299810.382710000 -0.0000 0.0000 280.0000
20273.7625 312514.6624 404.4251 299810.392710000 -0.0000 0.0000 280.0000
20273.8366 312514.6755 404.4522 299810.402710000 -0.0000 0.0000 280.0000
20273.9107 312514.6886 404.4793 299810.412710000 -0.0000 0.0000 280.0000
20273.9848 312514.7016 404.5065 299810.422710000 -0.0000 0.0000 280.0000
20274.0589 312514.7147 404.5336 299810.432710000 -0.0000 0.0000 280.0000
20274.1331 312514.7278 404.5607 299810.442710000 -0.0000 0.0000 280.0000
20274.2072 312514.7409 404.5878 299810.452710000 -0.0000 0.0000 280.0000
20274.2813 312514.7539 404.6150 299810.462710000 -0.0000 0.0000 280.0000
20274.3554 312514.7670 404.6421 299810.472710000 -0.0000 0.0000 280.0000
20274.4295 312514.7801 404.6692 299810.482710000 -0.0000 0.0000 280.0000
20274.5037 312514.7931 404.6963 299810.492710000 -0.0000 0.0000 280.0000
20274.5778 312514.8062 404.7235 299810.502710000 -0.0000 0.0000 280.0000
20274.6519 312514.8193 404.7506 299810.512710000 -0.0000 0.0000 280.0000
20274.7260 312514.8323 404.7777 299810.522710000 -0.0000 0.0000 280.0000
20274.8001 312514.8454 404.8048 299810.532710000 -0.0000 0.0000 280.0000
20274.8742 312514.8585 404.8320 299810.542710000 -0.0000 0.0000 280.0000
20274.9484 312514.8715 404.8591 299810.552710000 -0.0000 0.0000 280.0000
20275.0225 312514.8846 404.8862 299810.562710000 -0.0000 0.0000 280.0000
20275.0966 312514.8977 404.9133 299810.572710000 -0.0000 0.0000 280.0000
20275.1707 312514.9108 404.9404 299810.582710000 -0.0000 0.0000 280.0000
20275.2448 312514.9238 404.9676 299810.592710000 -0.0000 0.0000 280.0000
20275.3190 312514.9369 404.9947 299810.602710000 -0.0000 0.0000 280.0000
20275.3931 312514.9500 405.0218 299810.612710000 -0.0000 0.0000 280.0000
20275.4672 312514.9630 405.0489 299810.622710000 -0.0000 0.0000 280.0000
20275.5413 312514.9761 405.0761 299810.632710000 -0.0000 0.0000 280.0000
20275.6154 312514.9892 405.1032 299810.642710000 -0.0000 0.0000 280.0000
20275.6895 312515.0022 405.1303 299810.652710000 -0.0000 0.0000 280.0000
20275.7637 312515.0153 405.1574 299810.662710000 -0.0000 0.0000 280.0000
20275.8378 312515.0284 405.1846 299810.672710000 -0.0000 0.0000 280.0000
20275.9119 312515.0414 405.2117 299810.682710000 -0.0000 0.0000 280.0000
20275.9860 312515.0545 405.2388 299810.692710000 -0.0000 0.0000 280.0000
20276.0601 312515.0676 405.2659 299810.702710000 -0.0000 0.0000 280.0000
20276.1343 312515.0806 405.2931 299810.712710000 -0.0000 0.0000 280.0000
20276.2084 312515.0937 405.3202 299810.722710000 -0.0000 0.0000 280.0000
20276.2825 312515.1068 405.3473 299810.732710000 -0.0000 0.0000 280.0000
20276.3566 312515.1199 405.3744 299810.742710000 -0.0000 0.0000 280.0000
20276.4307 312515.1329 405.4016 299810.752710000 -0.0000 0.0000 280.0000
20276.5048 312515.1460 405.4287 299810.762710000 -0.0000 0.0000 280.0000
20276.5790 312515.1591 405.4558 299810.772710000 -0.0000 0.0000 280.0000
20276.6531 312515.1721 405.4829 299810.782710000 -0.0000 0.0000 280.0000
20276.7272 312515.1852 405.5101 299810.792710000 -0.0000 0.0000 280.0000
20276.8013 312515.1983 405.5372 299810.802710000 -0.0000 0.0000 280.0000
20276.8754 312515.2113 405.5643 299810.812710000 -0.0000 0.0000 280.0000
20276.9496 312515.2244 405.5914 299810.822710000 -0.0000 0.0000 280.0000
20277.0237 312515.2375 405.6186 299810.832710000 -0.0000 0.0000 280.0000
20277.0978 312515.2505 405.6457 299810.842710000 -0.0000 0.0000 280.0000
20277.1719 312515.2636 405.6728 299810.852710000 -0.0000 0.0000 280.0000
20277.2460 312515.2767 405.6999 299810.862710000 -0.0000 0.0000 280.0000
20277.3201 312515.2898 405.7270 299810.872710000 -0.0000 0.0000 280.0000
20277.3943 312515.3028 405.7542 299810.882710000 -0.0000 0.0000 280.0000
20277.4684 312515.3159 405.7813 299810.892710000 -0.0000 0.0000 280.0000
20277.5425 312515.3290 405.8084 299810.902710000 -0.0000 0.0000 280.0000
20277.6166 312515.3420 405.8355 299810.912710000 -0.0000 0.0000 280.0000
20277.6907 312515.3551 405.8627 299810.922710000 -0.0000 0.0000 280.0000
20277.7648 312515.3682 405.8898 299810.932710000 -0.0000 0.0000 280.0000
20277.8390 312515.3812 405.9169 299810.942710000 -0.0000 0.0000 280.0000
20277.9131 312515.3943 405.9440 299810.952710000 -0.0000 0.0000 280.0000
20277.9872 312515.4074 405.9712 299810.962710000 -0.0000 0.0000 280.0000
20278.0613 312515.4204 405.9983 299810.972710000 -0.0000 0.0000 280.0000
20278.1354 312515.4335 406.0254 299810.982710000 -0.0000 0.0000 280.0000
20278.2096 312515.4466 406.0525 299810.992710000 -0.0000 0.0000 280.0000
20278.2837 312515.4596 406.0797 299811.002710000 -0.0000 0.0000 280.0000
20278.3578 312515.4727 406.1068 299811.012710000 -0.0000 0.0000 280.0000
20278.4319 312515.4858 406.1339 299811.022710000 -0.0000 0.0000 280.0000
20278.5060 312515.4989 406.1610 299811.032710000 -0.0000 0.0000 280.0000
20278.5801 312515.5119 406.1882 299811.042710000 -0.0000 0.0000 280.0000
20278.6543 312515.5250 406.2153 299811.052710000 -0.0000 0.0000 280.0000
20278.7284 312515.5381 406.2424 299811.062710000 -0.0000 0.0000 280.0000
20278.8025 312515.5511 406.2695 299811.072710000 -0.0000 0.0000 280.0000
20278.8766 312515.5642 406.2967 299811.082710000 -0.0000 0.0000 280.0000
20278.9507 312515.5773 406.3238 299811.092710000 -0.0000 0.0000 280.0000
20279.0249 312515.5903 406.3509 299811.102710000 -0.0000 0.0000 280.0000
20279.0990 312515.6034 406.3780 299811.112710000 -0.0000 0.0000 280.0000
20279.1731 312515.6165 406.4052 299811.122710000 -0.0000 0.0000 280.0000
20279.2472 312515.6295 406.4323 299811.132710000 -0.0000 0.0000 280.0000
20279.3213 312515.6426 406.4594 299811.142710000 -0.0000 0.0000 280.0000
20279.3954 312515.6557 406.4865 299811.152710000 -0.0000 0.0000 280.0000
20279.4696 312515.6688 406.5137 299811.162710000 -0.0000 0.0000 280.0000
20279.5437 312515.6818 406.5408 299811.172710000 -0.0000 0.0000 280.0000
20279.6178 312515.6949 406.5679 299811.182710000 -0.0000 0.0000 280.0000
20279.6919 312515.7080 406.5950 299811.192710000 -0.0000 0.0000 280.0000
20279.7660 312515.7210 406.6221 299811.202710000 -0.0000 0.0000 280.0000
20279.8402 312515.7341 406.6493 299811.212710000 -0.0000 0.0000 280.0000
20279.9143 312515.7472 406.6764 299811.222710000 -0.0000 0.0000 280.0000
20279.9884 312515.7602 406.7035 299811.232710000 -0.0000 0.0000 280.0000
20280.0625 312515.7733 406.7306 299811.242710000 -0.0000 0.0000 280.0000
20280.1366 312515.7864 406.7578 299811.252710000 -0.0000 0.0000 280.0000
20280.2107 312515.7994 406.7849 299811.262710000 -0.0000 0.0000 280.0000
20280.2849 312515.8125 406.8120 299811.272710000 -0.0000 0.0000 280.0000
20280.3590 312515.8256 406.8391 299811.282710000 -0.0000 0.0000 280.0000
20280.4331 312515.8387 406.8663 299811.292710000 -0.0000 0.0000 280.0000
20280.5072 312515.8517 406.8934 299811.302710000 -0.0000 0.0000 280.0000
20280.5813 312515.8648 406.9205 299811.312710000 -0.0000 0.0000 280.0000
20280.6555 312515.8779 406.9476 299811.322710000 -0.0000 0.0000 280.0000
20280.7296 312515.8909 406.9748 299811.332710000 -0.0000 0.0000 280.0000
20280.8037 312515.9040 407.0019 299811.342710000 -0.0000 0.0000 280.0000
20280.8778 312515.9171 407.0290 299811.352710000 -0.0000 0.0000 280.0000
20280.9519 312515.9301 407.0561 299811.362710000 -0.0000 0.0000 280.0000
20281.0260 312515.9432 407.0833 299811.372710000 -0.0000 0.0000 280.0000
20281.1002 312515.9563 407.1104 299811.382710000 -0.0000 0.0000 280.0000
20281.1743 312515.9693 407.1375 299811.392710000 -0.0000 0.0000 280.0000
20281.2484 312515.9824 407.1646 299811.402710000 -0.0000 0.0000 280.0000
20281.3225 312515.9955 407.1918 299811.412710000 -0.0000 0.0000 280.0000
20281.3966 312516.0085 407.2189 299811.422710000 -0.0000 0.0000 280.0000
20281.4707 312516.0216 407.2460 299811.432710000 -0.0000 0.0000 280.0000
20281.5449 312516.0347 407.2731 299811.442710000 -0.0000 0.0000 280.0000
20281.6190 312516.0478 407.3003 299811.452710000 -0.0000 0.0000 280.0000
20281.6931 312516.0608 407.3274 299811.462710000 -0.0000 0.0000 280.0000
20281.7672 312516.0739 407.3545 299811.472710000 -0.0000 0.0000 280.0000
20281.8413 312516.0870 407.3816 299811.482710000 -0.0000 0.0000 280.0000
20281.9155 312516.1000 407.4088 299811.492710000 -0.0000 0.0000 280.0000
20281.9896 312516.1131 407.4359 299811.502710000 -0.0000 0.0000 280.0000
20282.0637 312516.1262 407.4630 299811.512710000 -0.0000 0.0000 280.0000
20282.1378 312516.1392 407.4901 299811.522710000 -0.0000 0.0000 280.0000
20282.2119 312516.1523 407.5172 299811.532710000 -0.0000 0.0000 280.0000
20282.2860 312516.1654 407.5444 299811.542710000 -0.0000 0.0000 280.0000
20282.3602 312516.1784 407.5715 299811.552710000 -0.0000 0.0000 280.0000
20282.4343 312516.1915 407.5986 299811.562710000 -0.0000 0.0000 280.0000
20282.5084 312516.2046 407.6257 299811.572710000 -0.0000 0.0000 280.0000
20282.5825 312516.2177 407.6529 299811.582710000 -0.0000 0.0000 280.0000
20282.6566 312516.2307 407.6800 299811.592710000 -0.0000 0.0000 280.0000
20282.7308 312516.2438 407.7071 299811.602710000 -0.0000 0.0000 280.0000
20282.8049 312516.2569 407.7342 299811.612710000 -0.0000 0.0000 280.0000
20282.8790 312516.2699 407.7614 299811.622710000 -0.0000 0.0000 280.0000
20282.9531 312516.2830 407.7885 299811.632710000 -0.0000 0.0000 280.0000
20283.0272 312516.2961 407.8156 299811.642710000 -0.0000 0.0000 280.0000
20283.1013 312516.3091 407.8427 299811.652710000 -0.0000 0.0000 280.0000
20283.1755 312516.3222 407.8699 299811.662710000 -0.0000 0.0000 280.0000
20283.2496 312516.3353 407.8970 299811.672710000 -0.0000 0.0000 280.0000
20283.3237 312516.3483 407.9241 299811.682710000 -0.0000 0.0000 280.0000
20283.3978 312516.3614 407.9512 299811.692710000 -0.0000 0.0000 280.0000
20283.4719 312516.3745 407.9784 299811.702710000 -0.0000 0.0000 280.0000
20283.5461 312516.3875 408.0055 299811.712710000 -0.0000 0.0000 280.0000
20283.6202 312516.4006 408.0326 299811.722710000 -0.0000 0.0000 280.0000
20283.6943 312516.4137 408.0597 299811.732710000 -0.0000 0.0000 280.0000
20283.7684 312516.4268 408.0869 299811.742710000 -0.0000 0.0000 280.0000
20283.8425 312516.4398 408.1140 299811.752710000 -0.0000 0.0000 280.0000
20283.9166 312516.4529 408.1411 299811.762710000 -0.0000 0.0000 280.0000
20283.9908 312516.4660 408.1682 299811.772710000 -0.0000 0.0000 280.0000
20284.0649 312516.4790 408.1954 299811.782710000 -0.0000 0.0000 280.0000
20284.1390 312516.4921 408.2225 299811.792710000 -0.0000 0.0000 280.0000
20284.2131 312516.5052 408.2496 299811.802710000 -0.0000 0.0000 280.0000
20284.2872 312516.5182 408.2767 299811.812710000 -0.0000 0.0000 280.0000
20284.3614 312516.5313 408.3038 299811.822710000 -0.0000 0.0000 280.0000
20284.4355 312516.5444 408.3310 299811.832710000 -0.0000 0.0000 280.0000
20284.5096 312516.5574 408.3581 299811.842710000 -0.0000 0.0000 280.0000
20284.5837 312516.5705 408.3852 299811.852710000 -0.0000 0.0000 280.0000
20284.6578 312516.5836 408.4123 299811.862710000 -0.0000 0.0000 280.0000
20284.7319 312516.5967 408.4395 299811.872710000 -0.0000 0.0000 280.0000
20284.8061 312516.6097 408.4666 299811.882710000 -0.0000 0.0000 280.0000
20284.8802 312516.6228 408.4937 299811.892710000 -0.0000 0.0000 280.0000
20284.9543 312516.6359 408.5208 299811.902710000 -0.0000 0.0000 280.0000
20285.0284 312516.6489 408.5480 299811.912710000 -0.0000 0.0000 280.0000
20285.1025 312516.6620 408.5751 299811.922710000 -0.0000 0.0000 280.0000
20285.1766 312516.6751 408.6022 299811.932710000 -0.0000 0.0000 280.0000
20285.2508 312516.6881 408.6293 299811.942710000 -0.0000 0.0000 280.0000
20285.3249 312516.7012 408.6565 299811.952710000 -0.0000 0.0000 280.0000
20285.3990 312516.7143 408.6836 299811.962710000 -0.0000 0.0000 280.0000
20285.4731 312516.7273 408.7107 299811.972710000 -0.0000 0.0000 280.0000
20285.5472 312516.7404 408.7378 299811.982710000 -0.0000 0.0000 280.0000
20285.6214 312516.7535 408.7650 299811.992710000 -0.0000 0.0000 280.0000
20285.6955 312516.7665 408.7921 299812.002710000 -0.0000 0.0000 280.0000
20285.7696 312516.7796 408.8192 299812.012710000 -0.0000 0.0000 280.0000
20285.8437 312516.7927 408.8463 299812.022710000 -0.0000 0.0000 280.0000
20285.9178 312516.8058 408.8735 299812.032710000 -0.0000 0.0000 280.0000
20285.9919 312516.8188 408.9006 299812.042710000 -0.0000 0.0000 280.0000
20286.0661 312516.8319 408.9277 299812.052710000 -0.0000 0.0000 280.0000
20286.1402 312516.8450 408.9548 299812.062710000 -0.0000 0.0000 280.0000
20286.2143 312516.8580 408.9820 299812.072710000 -0.0000 0.0000 280.0000
20286.2884 312516.8711 409.0091 299812.082710000 -0.0000 0.0000 280.0000
20286.3625 312516.8842 409.0362 299812.092710000 -0.0000 0.0000 280.0000
20286.4367 312516.8972 409.0633 299812.102710000 -0.0000 0.0000 280.0000
20286.5108 312516.9103 409.0905 299812.112710000 -0.0000 0.0000 280.0000
20286.5849 312516.9234 409.1176 299812.122710000 -0.0000 0.0000 280.0000
20286.6590 312516.9364 409.1447 299812.132710000 -0.0000 0.0000 280.0000
20286.7331 312516.9495 409.1718 299812.142710000 -0.0000 0.0000 280.0000
20286.8072 312516.9626 409.1989 299812.152710000 -0.0000 0.0000 280.0000
20286.8814 312516.9757 409.2261 299812.162710000 -0.0000 0.0000 280.0000
20286.9555 312516.9887 409.2532 299812.172710000 -0.0000 0.0000 280.0000
20287.0296 312517.0018 409.2803 299812.182710000 -0.0000 0.0000 280.0000
20287.1037 312517.0149 409.3074 299812.192710000 -0.0000 0.0000 280.0000
20287.1778 312517.0279 409.3346 299812.202710000 -0.0000 0.0000 280.0000
20287.2520 312517.0410 409.3617 299812.212710000 -0.0000 0.0000 280.0000
20287.3261 312517.0541 409.3888 299812.222710000 -0.0000 0.0000 280.0000
20287.4002 312517.0671 409.4159 299812.232710000 -0.0000 0.0000 280.0000
20287.4743 312517.0802 409.4431 299812.242710000 -0.0000 0.0000 280.0000
20287.5484 312517.0933 409.4702 299812.252710000 -0.0000 0.0000 280.0000
20287.6225 312517.1063 409.4973 299812.262710000 -0.0000 0.0000 280.0000
20287.6967 312517.1194 409.5244 299812.272710000 -0.0000 0.0000 280.0000
20287.7708 312517.1325 409.5516 299812.282710000 -0.0000 0.0000 280.0000
20287.8449 312517.1455 409.5787 299812.292710000 -0.0000 0.0000 280.0000
20287.9190 312517.1586 409.6058 299812.302710000 -0.0000 0.0000 280.0000
20287.9931 312517.1717 409.6329 299812.312710000 -0.0000 0.0000 280.0000
20288.0673 312517.1848 409.6601 299812.322710000 -0.0000 0.0000 280.0000
20288.1414 312517.1978 409.6872 299812.332710000 -0.0000 0.0000 280.0000
20288.2155 312517.2109 409.7143 299812.342710000 -0.0000 0.0000 280.0000
20288.2896 312517.2240 409.7414 299812.352710000 -0.0000 0.0000 280.0000
20288.3637 312517.2370 409.7686 299812.362710000 -0.0000 0.0000 280.0000
20288.4378 312517.2501 409.7957 299812.372710000 -0.0000 0.0000 280.0000
20288.5120 312517.2632 409.8228 299812.382710000 -0.0000 0.0000 280.0000
20288.5861 312517.2762 409.8499 299812.392710000 -0.0000 0.0000 280.0000
20288.6602 312517.2893 409.8771 299812.402710000 -0.0000 0.0000 280.0000
20288.7343 312517.3024 409.9042 299812.412710000 -0.0000 0.0000 280.0000
20288.8084 312517.3154 409.9313 299812.422710000 -0.0000 0.0000 280.0000
20288.8826 312517.3285 409.9584 299812.432710000 -0.0000 0.0000 280.0000
20288.9567 312517.3416 409.9855 299812.442710000 -0.0000 0.0000 280.0000
20289.0308 312517.3547 410.0127 299812.452710000 -0.0000 0.0000 280.0000
20289.1049 312517.3677 410.0398 299812.462710000 -0.0000 0.0000 280.0000
20289.1790 312517.3808 410.0669 299812.472710000 -0.0000 0.0000 280.0000
20289.2531 312517.3939 410.0940 299812.482710000 -0.0000 0.0000 280.0000
20289.3273 312517.4069 410.1212 299812.492710000 -0.0000 0.0000 280.0000
20289.4014 312517.4200 410.1483 299812.502710000 -0.0000 0.0000 280.0000
20289.4755 312517.4331 410.1754 299812.512710000 -0.0000 0.0000 280.0000
20289.5496 312517.4461 410.2025 299812.522710000 -0.0000 0.0000 280.0000
20289.6237 312517.4592 410.2297 299812.532710000 -0.0000 0.0000 280.0000
20289.6978 312517.4723 410.2568 299812.542710000 -0.0000 0.0000 280.0000
20289.7720 312517.4853 410.2839 299812.552710000 -0.0000 0.0000 280.0000
20289.8461 312517.4984 410.3110 299812.562710000 -0.0000 0.0000 280.0000
20289.9202 312517.5115 410.3382 299812.572710000 -0.0000 0.0000 280.0000
20289.9943 312517.5246 410.3653 299812.582710000 -0.0000 0.0000 280.0000
20290.0684 312517.5376 410.3924 299812.592710000 -0.0000 0.0000 280.0000
20290.1426 312517.5507 410.4195 299812.602710000 -0.0000 0.0000 280.0000
20290.2167 312517.5638 410.4467 299812.612710000 -0.0000 0.0000 280.0000
20290.2908 312517.5768 410.4738 299812.622710000 -0.0000 0.0000 280.0000
20290.3649 312517.5899 410.5009 299812.632710000 -0.0000 0.0000 280.0000
20290.4390 312517.6030 410.5280 299812.642710000 -0.0000 0.0000 280.0000
20290.5131 312517.6160 410.5552 299812.652710000 -0.0000 0.0000 280.0000
20290.5873 312517.6291 410.5823 299812.662710000 -0.0000 0.0000 280.0000
20290.6614 312517.6422 410.6094 299812.672710000 -0.0000 0.0000 280.0000
20290.7355 312517.6552 410.6365 299812.682710000 -0.0000 0.0000 280.0000
20290.8096 312517.6683 410.6637 299812.692710000 -0.0000 0.0000 280.0000
20290.8837 312517.6814 410.6908 299812.702710000 -0.0000 0.0000 280.0000
20290.9579 312517.6944 410.7179 299812.712710000 -0.0000 0.0000 280.0000
20291.0320 312517.7075 410.7450 299812.722710000 -0.0000 0.0000 280.0000
20291.1061 312517.7206 410.7722 299812.732710000 -0.0000 0.0000 280.0000
20291.1802 312517.7337 410.7993 299812.742710000 -0.0000 0.0000 280.0000
20291.2543 312517.7467 410.8264 299812.752710000 -0.0000 0.0000 280.0000
20291.3284 312517.7598 410.8535 299812.762710000 -0.0000 0.0000 280.0000
20291.4026 312517.7729 410.8806 299812.772710000 -0.0000 0.0000 280.0000
20291.4767 312517.7859 410.9078 299812.782710000 -0.0000 0.0000 280.0000
20291.5508 312517.7990 410.9349 299812.792710000 -0.0000 0.0000 280.0000
20291.6249 312517.8121 410.9620 299812.802710000 -0.0000 0.0000 280.0000
20291.6990 312517.8251 410.9891 299812.812710000 -0.0000 0.0000 280.0000
20291.7732 312517.8382 411.0163 299812.822710000 -0.0000 0.0000 280.0000
20291.8473 312517.8513 411.0434 299812.832710000 -0.0000 0.0000 280.0000
20291.9214 312517.8643 411.0705 299812.842710000 -0.0000 0.0000 280.0000
20291.9955 312517.8774 411.0976 299812.852710000 -0.0000 0.0000 280.0000
20292.0696 312517.8905 411.1248 299812.862710000 -0.0000 0.0000 280.0000
20292.1437 312517.9036 411.1519 299812.872710000 -0.0000 0.0000 280.0000
20292.2179 312517.9166 411.1790 299812.882710000 -0.0000 0.0000 280.0000
20292.2920 312517.9297 411.2061 299812.892710000 -0.0000 0.0000 280.0000
20292.3661 312517.9428 411.2333 299812.902710000 -0.0000 0.0000 280.0000
20292.4402 312517.9558 411.2604 299812.912710000 -0.0000 0.0000 280.0000
20292.5143 312517.9689 411.2875 299812.922710000 -0.0000 0.0000 280.0000
20292.5885 312517.9820 411.3146 299812.932710000 -0.0000 0.0000 280.0000
20292.6626 312517.9950 411.3418 299812.942710000 -0.0000 0.0000 280.0000
20292.7367 312518.0081 411.3689 299812.952710000 -0.0000 0.0000 280.0000
20292.8108 312518.0212 411.3960 299812.962710000 -0.0000 0.0000 280.0000
20292.8849 312518.0342 411.4231 299812.972710000 -0.0000 0.0000 280.0000
20292.9590 312518.0473 411.4503 299812.982710000 -0.0000 0.0000 280.0000
20293.0332 312518.0604 411.4774 299812.992710000 -0.0000 0.0000 280.0000
20293.1073 312518.0734 411.5045 299813.002710000 -0.0000 0.0000 280.0000
20293.1814 312518.0865 411.5316 299813.012710000 -0.0000 0.0000 280.0000
20293.2555 312518.0996 411.5588 299813.022710000 -0.0000 0.0000 280.0000
20293.3296 312518.1127 411.5859 299813.032710000 -0.0000 0.0000 280.0000
20293.4037 312518.1257 411.6130 299813.042710000 -0.0000 0.0000 280.0000
20293.4779 312518.1388 411.6401 299813.052710000 -0.0000 0.0000 280.0000
20293.5520 312518.1519 411.6673 299813.062710000 -0.0000 0.0000 280.0000
20293.6261 312518.1649 411.6944 299813.072710000 -0.0000 0.0000 280.0000
20293.7002 312518.1780 411.7215 299813.082710000 -0.0000 0.0000 280.0000
20293.7743 312518.1911 411.7486 299813.092710000 -0.0000 0.0000 280.0000
20293.8485 312518.2041 411.7757 299813.102710000 -0.0000 0.0000 280.0000
20293.9226 312518.2172 411.8029 299813.112710000 -0.0000 0.0000 280.0000
20293.9967 312518.2303 411.8300 299813.122710000 -0.0000 0.0000 280.0000
20294.0708 312518.2433 411.8571 299813.132710000 -0.0000 0.0000 280.0000
20294.1449 312518.2564 411.8842 299813.142710000 -0.0000 0.0000 280.0000
20294.2190 312518.2695 411.9114 299813.152710000 -0.0000 0.0000 280.0000
20294.2932 312518.2826 411.9385 299813.162710000 -0.0000 0.0000 280.0000
20294.3673 312518.2956 411.9656 299813.172710000 -0.0000 0.0000 280.0000
20294.4414 312518.3087 411.9927 299813.182710000 -0.0000 0.0000 280.0000
20294.5155 312518.3218 412.0199 299813.192710000 -0.0000 0.0000 280.0000
20294.5896 312518.3348 412.0470 299813.202710000 -0.0000 0.0000 280.0000
20294.6638 312518.3479 412.0741 299813.212710000 -0.0000 0.0000 280.0000
20294.7379 312518.3610 412.1012 299813.222710000 -0.0000 0.0000 280.0000
20294.8120 312518.3740 412.1284 299813.232710000 -0.0000 0.0000 280.0000
20294.8861 312518.3871 412.1555 299813.242710000 -0.0000 0.0000 280.0000
20294.9602 312518.4002 412.1826 299813.252710000 -0.0000 0.0000 280.0000
20295.0343 312518.4132 412.2097 299813.262710000 -0.0000 0.0000 280.0000
20295.1085 312518.4263 412.2369 299813.272710000 -0.0000 0.0000 280.0000
20295.1826 312518.4394 412.2640 299813.282710000 -0.0000 0.0000 280.0000
20295.2567 312518.4524 412.2911 299813.292710000 -0.0000 0.0000 280.0000
20295.3308 312518.4655 412.3182 299813.302710000 -0.0000 0.0000 280.0000
20295.4049 312518.4786 412.3454 299813.312710000 -0.0000 0.0000 280.0000
20295.4791 312518.4917 412.3725 299813.322710000 -0.0000 0.0000 280.0000
20295.5532 312518.5047 412.3996 299813.332710000 -0.0000 0.0000 280.0000
20295.6273 312518.5178 412.4267 299813.342710000 -0.0000 0.0000 280.0000
20295.7014 312518.5309 412.4539 299813.352710000 -0.0000 0.0000 280.0000
20295.7755 312518.5439 412.4810 299813.362710000 -0.0000 0.0000 280.0000
20295.8496 312518.5570 412.5081 299813.372710000 -0.0000 0.0000 280.0000
20295.9238 312518.5701 412.5352 299813.382710000 -0.0000 0.0000 280.0000
20295.9979 312518.5831 412.5623 299813.392710000 -0.0000 0.0000 280.0000
20296.0720 312518.5962 412.5895 299813.402710000 -0.0000 0.0000 280.0000
20296.1461 312518.6093 412.6166 299813.412710000 -0.0000 0.0000 280.0000
20296.2202 312518.6223 412.6437 299813.422710000 -0.0000 0.0000 280.0000
20296.2944 312518.6354 412.6708 299813.432710000 -0.0000 0.0000 280.0000
20296.3685 312518.6485 412.6980 299813.442710000 -0.0000 0.0000 280.0000
20296.4426 312518.6616 412.7251 299813.452710000 -0.0000 0.0000 280.0000
20296.5167 312518.6746 412.7522 299813.462710000 -0.0000 0.0000 280.0000
20296.5908 312518.6877 412.7793 299813.472710000 -0.0000 0.0000 280.0000
20296.6649 312518.7008 412.8065 299813.482710000 -0.0000 0.0000 280.0000
20296.7391 312518.7138 412.8336 299813.492710000 -0.0000 0.0000 280.0000
20296.8132 312518.7269 412.8607 299813.502710000 -0.0000 0.0000 280.0000
20296.8873 312518.7400 412.8878 299813.512710000 -0.0000 0.0000 280.0000
20296.9614 312518.7530 412.9150 299813.522710000 -0.0000 0.0000 280.0000
20297.0355 312518.7661 412.9421 299813.532710000 -0.0000 0.0000 280.0000
20297.1096 312518.7792 412.9692 299813.542710000 -0.0000 0.0000 280.0000
20297.1838 312518.7922 412.9963 299813.552710000 -0.0000 0.0000 280.0000
20297.2579 312518.8053 413.0235 299813.562710000 -0.0000 0.0000 280.0000
20297.3320 312518.8184 413.0506 299813.572710000 -0.0000 0.0000 280.0000
20297.4061 312518.8314 413.0777 299813.582710000 -0.0000 0.0000 280.0000
20297.4802 312518.8445 413.1048 299813.592710000 -0.0000 0.0000 280.0000
20297.5544 312518.8576 413.1320 299813.602710000 -0.0000 0.0000 280.0000
20297.6285 312518.8707 413.1591 299813.612710000 -0.0000 0.0000 280.0000
20297.7026 312518.8837 413.1862 299813.622710000 -0.0000 0.0000 280.0000
20297.7767 312518.8968 413.2133 299813.632710000 -0.0000 0.0000 280.0000
20297.8508 312518.9099 413.2405 299813.642710000 -0.0000 0.0000 280.0000
20297.9249 312518.9229 413.2676 299813.652710000 -0.0000 0.0000 280.0000
20297.9991 312518.9360 413.2947 299813.662710000 -0.0000 0.0000 280.0000
20298.0732 312518.9491 413.3218 299813.672710000 -0.0000 0.0000 280.0000
20298.1473 312518.9621 413.3490 299813.682710000 -0.0000 0.0000 280.0000
20298.2214 312518.9752 413.3761 299813.692710000 -0.0000 0.0000 280.0000
20298.2955 312518.9883 413.4032 299813.702710000 -0.0000 0.0000 280.0000
20298.3697 312519.0013 413.4303 299813.712710000 -0.0000 0.0000 280.0000
20298.4438 312519.0144 413.4574 299813.722710000 -0.0000 0.0000 280.0000
20298.5179 312519.0275 413.4846 299813.732710000 -0.0000 0.0000 280.0000
20298.5920 312519.0406 413.5117 299813.742710000 -0.0000 0.0000 280.0000
20298.6661 312519.0536 413.5388 299813.752710000 -0.0000 0.0000 280.0000
20298.7402 312519.0667 413.5659 299813.762710000 -0.0000 0.0000 280.0000
20298.8144 312519.0798 413.5931 299813.772710000 -0.0000 0.0000 280.0000
20298.8885 312519.0928 413.6202 299813.782710000 -0.0000 0.0000 280.0000
20298.9626 312519.1059 413.6473 299813.792710000 -0.0000 0.0000 280.0000
20299.0367 312519.1190 413.6744 299813.802710000 -0.0000 0.0000 280.0000
20299.1108 312519.1320 413.7016 299813.812710000 -0.0000 0.0000 280.0000
20299.1850 312519.1451 413.7287 299813.822710000 -0.0000 0.0000 280.0000
20299.2591 312519.1582 413.7558 299813.832710000 -0.0000 0.0000 280.0000
20299.3332 312519.1712 413.7829 299813.842710000 -0.0000 0.0000 280.0000
