20245.7670 312585.8831 394.0960 300276.414985000 -0.0000 0.0000 10.0000
20245.7531 312585.9618 394.0960 300276.424985000 -0.0000 0.0000 10.0000
20245.7392 312586.0406 394.0960 300276.434985000 -0.0000 0.0000 10.0000
20245.7253 312586.1194 394.0960 300276.444985000 -0.0000 0.0000 10.0000
20245.7114 312586.1982 394.0959 300276.454985000 -0.0000 0.0000 10.0000
20245.6975 312586.2770 394.0959 300276.464985000 -0.0000 0.0000 10.0000
20245.6837 312586.3558 394.0959 300276.474985000 -0.0000 0.0000 10.0000
20245.6698 312586.4346 394.0959 300276.484985000 -0.0000 0.0000 10.0000
20245.6559 312586.5133 394.0959 300276.494985000 -0.0000 0.0000 10.0000
20245.6420 312586.5921 394.0959 300276.504985000 -0.0000 0.0000 10.0000
20245.6281 312586.6709 394.0959 300276.514985000 -0.0000 0.0000 10.0000
20245.6142 312586.7497 394.0959 300276.524985000 -0.0000 0.0000 10.0000
20245.6003 312586.8285 394.0959 300276.534985000 -0.0000 0.0000 10.0000
20245.5864 312586.9073 394.0959 300276.544985000 -0.0000 0.0000 10.0000
20245.5725 312586.9860 394.0958 300276.554985000 -0.0000 0.0000 10.0000
20245.5586 312587.0648 394.0958 300276.564985000 -0.0000 0.0000 10.0000
20245.5447 312587.1436 394.0958 300276.574985000 -0.0000 0.0000 10.0000
20245.5308 312587.2224 394.0958 300276.584985000 -0.0000 0.0000 10.0000
20245.5170 312587.3012 394.0958 300276.594985000 -0.0000 0.0000 10.0000
20245.5031 312587.3800 394.0958 300276.604985000 -0.0000 0.0000 10.0000
20245.4892 312587.4588 394.0958 300276.614985000 -0.0000 0.0000 10.0000
20245.4753 312587.5375 394.0958 300276.624985000 -0.0000 0.0000 10.0000
20245.4614 312587.6163 394.0958 300276.634985000 -0.0000 0.0000 10.0000
20245.4475 312587.6951 394.0957 300276.644985000 -0.0000 0.0000 10.0000
20245.4336 312587.7739 394.0957 300276.654985000 -0.0000 0.0000 10.0000
20245.4197 312587.8527 394.0957 300276.664985000 -0.0000 0.0000 10.0000
20245.4058 312587.9315 394.0957 300276.674985000 -0.0000 0.0000 10.0000
20245.3919 312588.0102 394.0957 300276.684985000 -0.0000 0.0000 10.0000
20245.3780 312588.0890 394.0957 300276.694985000 -0.0000 0.0000 10.0000
20245.3641 312588.1678 394.0957 300276.704985000 -0.0000 0.0000 10.0000
20245.3503 312588.2466 394.0957 300276.714985000 -0.0000 0.0000 10.0000
20245.3364 312588.3254 394.0957 300276.724985000 -0.0000 0.0000 10.0000
20245.3225 312588.4042 394.0956 300276.734985000 -0.0000 0.0000 10.0000
20245.3086 312588.4830 394.0956 300276.744985000 -0.0000 0.0000 10.0000
20245.2947 312588.5617 394.0956 300276.754985000 -0.0000 0.0000 10.0000
20245.2808 312588.6405 394.0956 300276.764985000 -0.0000 0.0000 10.0000
20245.2669 312588.7193 394.0956 300276.774985000 -0.0000 0.0000 10.0000
20245.2530 312588.7981 394.0956 300276.784985000 -0.0000 0.0000 10.0000
20245.2391 312588.8769 394.0956 300276.794985000 -0.0000 0.0000 10.0000
20245.2252 312588.9557 394.0956 300276.804985000 -0.0000 0.0000 10.0000
20245.2113 312589.0344 394.0956 300276.814985000 -0.0000 0.0000 10.0000
20245.1974 312589.1132 394.0956 300276.824985000 -0.0000 0.0000 10.0000
20245.1835 312589.1920 394.0955 300276.834985000 -0.0000 0.0000 10.0000
20245.1697 312589.2708 394.0955 300276.844985000 -0.0000 0.0000 10.0000
20245.1558 312589.3496 394.0955 300276.854985000 -0.0000 0.0000 10.0000
20245.1419 312589.4284 394.0955 300276.864985000 -0.0000 0.0000 10.0000
20245.1280 312589.5072 394.0955 300276.874985000 -0.0000 0.0000 10.0000
20245.1141 312589.5859 394.0955 300276.884985000 -0.0000 0.0000 10.0000
20245.1002 312589.6647 394.0955 300276.894985000 -0.0000 0.0000 10.0000
20245.0863 312589.7435 394.0955 300276.904985000 -0.0000 0.0000 10.0000
20245.0724 312589.8223 394.0955 300276.914985000 -0.0000 0.0000 10.0000
20245.0585 312589.9011 394.0954 300276.924985000 -0.0000 0.0000 10.0000
20245.0446 312589.9799 394.0954 300276.934985000 -0.0000 0.0000 10.0000
20245.0307 312590.0586 394.0954 300276.944985000 -0.0000 0.0000 10.0000
20245.0168 312590.1374 394.0954 300276.954985000 -0.0000 0.0000 10.0000
20245.0030 312590.2162 394.0954 300276.964985000 -0.0000 0.0000 10.0000
20244.9891 312590.2950 394.0954 300276.974985000 -0.0000 0.0000 