20554.2330 312564.1169 438.8960 300228.136020000 -0.0000 0.0000 10.0000
20554.2191 312564.1956 438.8914 300228.146020000 -0.0000 0.0000 10.0000
20554.2052 312564.2742 438.8868 300228.156020000 -0.0000 0.0000 10.0000
20554.1914 312564.3529 438.8822 300228.166020000 -0.0000 0.0000 10.0000
20554.1775 312564.4316 438.8776 300228.176020000 -0.0000 0.0000 10.0000
20554.1636 312564.5102 438.8731 300228.186020000 -0.0000 0.0000 10.0000
20554.1498 312564.5889 438.8685 300228.196020000 -0.0000 0.0000 10.0000
20554.1359 312564.6675 438.8639 300228.206020000 -0.0000 0.0000 10.0000
20554.1220 312564.7462 438.8593 300228.216020000 -0.0000 0.0000 10.0000
20554.1082 312564.8248 438.8547 300228.226020000 -0.0000 0.0000 10.0000
20554.0943 312564.9035 438.8501 300228.236020000 -0.0000 0.0000 10.0000
20554.0804 312564.9821 438.8455 300228.246020000 -0.0000 0.0000 10.0000
20554.0665 312565.0608 438.8409 300228.256020000 -0.0000 0.0000 10.0000
20554.0527 312565.1394 438.8363 300228.266020000 -0.0000 0.0000 10.0000
20554.0388 312565.2181 438.8317 300228.276020000 -0.0000 0.0000 10.0000
20554.0249 312565.2968 438.8272 300228.286020000 -0.0000 0.0000 10.0000
20554.0111 312565.3754 438.8226 300228.296020000 -0.0000 0.0000 10.0000
20553.9972 312565.4541 438.8180 300228.306020000 -0.0000 0.0000 10.0000
20553.9833 312565.5327 438.8134 300228.316020000 -0.0000 0.0000 10.0000
20553.9695 312565.6114 438.8088 300228.326020000 -0.0000 0.0000 10.0000
20553.9556 312565.6900 438.8042 300228.336020000 -0.0000 0.0000 10.0000
20553.9417 312565.7687 438.7996 300228.346020000 -0.0000 0.0000 10.0000
20553.9279 312565.8473 438.7950 300228.356020000 -0.0000 0.0000 10.0000
20553.9140 312565.9260 438.7904 300228.366020000 -0.0000 0.0000 10.0000
20553.9001 312566.0047 438.7858 300228.376020000 -0.0000 0.0000 10.0000
20553.8862 312566.0833 438.7813 300228.386020000 -0.0000 0.0000 10.0000
20553.8724 312566.1620 438.7767 300228.396020000 -0.0000 0.0000 10.0000
20553.8585 312566.2406 438.7721 300228.406020000 -0.0000 0.0000 10.0000
20553.8446 312566.3193 438.7675 300228.416020000 -0.0000 0.0000 10.0000
20553.8308 312566.3979 438.7629 300228.426020000 -0.0000 0.0000 10.0000
20553.8169 312566.4766 438.7583 300228.436020000 -0.0000 0.0000 10.0000
20553.8030 312566.5552 438.7537 300228.446020000 -0.0000 0.0000 10.0000
20553.7892 312566.6339 438.7491 300228.456020000 -0.0000 0.0000 10.0000
20553.7753 312566.7125 438.7445 300228.466020000 -0.0000 0.0000 10.0000
20553.7614 312566.7912 438.7399 300228.476020000 -0.0000 0.0000 10.0000
20553.7476 312566.8699 438.7354 300228.486020000 -0.0000 0.0000 10.0000
20553.7337 312566.9485 438.7308 300228.496020000 -0.0000 0.0000 10.0000
20553.7198 312567.0272 438.7262 300228.506020000 -0.0000 0.0000 10.0000
20553.7060 312567.1058 438.7216 300228.516020000 -0.0000 0.0000 10.0000
20553.6921 312567.1845 438.7170 300228.526020000 -0.0000 0.0000 10.0000
20553.6782 312567.2631 438.7124 300228.536020000 -0.0000 0.0000 10.0000
20553.6643 312567.3418 438.7078 300228.546020000 -0.0000 0.0000 10.0000
20553.6505 312567.4204 438.7032 300228.556020000 -0.0000 0.0000 10.0000
20553.6366 312567.4991 438.6986 300228.566020000 -0.0000 0.0000 10.0000
20553.6227 312567.5777 438.6941 300228.576020000 -0.0000 0.0000 10.0000
20553.6089 312567.6564 438.6895 300228.586020000 -0.0000 0.0000 10.0000
20553.5950 312567.7351 438.6849 300228.596020000 -0.0000 0.0000 10.0000
20553.5811 312567.8137 438.6803 300228.606020000 -0.0000 0.0000 10.0000
20553.5673 312567.8924 438.6757 300228.616020000 -0.0000 0.0000 10.0000
20553.5534 312567.9710 438.6711 300228.626020000 -0.0000 0.0000 10.0000
20553.5395 312568.0497 438.6665 300228.636020000 -0.0000 0.0000 10.0000
20553.5257 312568.1283 438.6619 300228.646020000 -0.0000 0.0000 10.0000
20553.5118 312568.2070 438.6573 300228.656020000 -0.0000 0.0000 10.0000
20553.4979 312568.2856 438.6527 300228.666020000 -0.0000 0.0000 10.0000
20553.4840 312568.3643 438.6482 300228.676020000 -0.0000 0.0000 10.0000
20553.4702 312568.4430 438.6436 300228.686020000 -0.0000 0.0000 10.0000
20553.4563 312568.5216 438.6390 300228.696020000 -0.0000 0.0000 10.0000
20553.4424 312568.6003 438.6344 300228.706020000 -0.0000 0.0000 10.0000
20553.4286 312568.6789 438.6298 300228.716020000 -0.0000 0.0000 10.0000
20553.4147 312568.7576 438.6252 300228.726020000 -0.0000 0.0000 10.0000
20553.4008 312568.8362 438.6206 300228.736020000 -0.0000 0.0000 10.0000
20553.3870 312568.9149 438.6160 300228.746020000 -0.0000 0.0000 10.0000
20553.3731 312568.9935 438.6114 300228.756020000 -0.0000 0.0000 10.0000
20553.3592 312569.0722 438.6068 300228.766020000 -0.0000 0.0000 10.0000
20553.3454 312569.1508 438.6023 300228.776020000 -0.0000 0.0000 10.0000
20553.3315 312569.2295 438.5977 300228.786020000 -0.0000 0.0000 10.0000
20553.3176 312569.3082 438.5931 300228.796020000 -0.0000 0.0000 10.0000
20553.3038 312569.3868 438.5885 300228.806020000 -0.0000 0.0000 10.0000
20553.2899 312569.4655 438.5839 300228.816020000 -0.0000 0.0000 10.0000
20553.2760 312569.5441 438.5793 300228.826020000 -0.0000 0.0000 10.0000
20553.2621 312569.6228 438.5747 300228.836020000 -0.0000 0.0000 10.0000
20553.2483 312569.7014 438.5701 300228.846020000 -0.0000 0.0000 10.0000
20553.2344 312569.7801 438.5655 300228.856020000 -0.0000 0.0000 10.0000
20553.2205 312569.8587 438.5609 300228.866020000 -0.0000 0.0000 10.0000
20553.2067 312569.9374 438.5564 300228.876020000 -0.0000 0.0000 10.0000
20553.1928 312570.0161 438.5518 300228.886020000 -0.0000 0.0000 10.0000
20553.1789 312570.0947 438.5472 300228.896020000 -0.0000 0.0000 10.0000
20553.1651 312570.1734 438.5426 300228.906020000 -0.0000 0.0000 10.0000
20553.1512 312570.2520 438.5380 300228.916020000 -0.0000 0.0000 10.0000
20553.1373 312570.3307 438.5334 300228.926020000 -0.0000 0.0000 10.0000
20553.1235 312570.4093 438.5288 300228.936020000 -0.0000 0.0000 10.0000
20553.1096 312570.4880 438.5242 300228.946020000 -0.0000 0.0000 10.0000
20553.0957 312570.5666 438.5196 300228.956020000 -0.0000 0.0000 10.0000
20553.0818 312570.6453 438.5150 300228.966020000 -0.0000 0.0000 10.0000
20553.0680 312570.7239 438.5105 300228.976020000 -0.0000 0.0000 10.0000
20553.0541 312570.8026 438.5059 300228.986020000 -0.0000 0.0000 10.0000
20553.0402 312570.8813 438.5013 300228.996020000 -0.0000 0.0000 10.0000
20553.0264 312570.9599 438.4967 300229.006020000 -0.0000 0.0000 10.0000
20553.0125 312571.0386 438.4921 300229.016020000 -0.0000 0.0000 10.0000
20552.9986 312571.1172 438.4875 300229.026020000 -0.0000 0.0000 10.0000
20552.9848 312571.1959 438.4829 300229.036020000 -0.0000 0.0000 10.0000
20552.9709 312571.2745 438.4783 300229.046020000 -0.0000 0.0000 10.0000
20552.9570 312571.3532 438.4737 300229.056020000 -0.0000 0.0000 10.0000
20552.9432 312571.4318 438.4692 300229.066020000 -0.0000 0.0000 10.0000
20552.9293 312571.5105 438.4646 300229.076020000 -0.0000 0.0000 10.0000
20552.9154 312571.5891 438.4600 300229.086020000 -0.0000 0.0000 10.0000
20552.9015 312571.6678 438.4554 300229.096020000 -0.0000 0.0000 10.0000
20552.8877 312571.7465 438.4508 300229.106020000 -0.0000 0.0000 10.0000
20552.8738 312571.8251 438.4462 300229.116020000 -0.0000 0.0000 10.0000
20552.8599 312571.9038 438.4416 300229.126020000 -0.0000 0.0000 10.0000
20552.8461 312571.9824 438.4370 300229.136020000 -0.0000 0.0000 10.0000
20552.8322 312572.0611 438.4324 300229.146020000 -0.0000 0.0000 10.0000
20552.8183 312572.1397 438.4278 300229.156020000 -0.0000 0.0000 10.0000
20552.8045 312572.2184 438.4233 300229.166020000 -0.0000 0.0000 10.0000
20552.7906 312572.2970 438.4187 300229.176020000 -0.0000 0.0000 10.0000
20552.7767 312572.3757 438.4141 300229.186020000 -0.0000 0.0000 10.0000
20552.7629 312572.4544 438.4095 300229.196020000 -0.0000 0.0000 10.0000
20552.7490 312572.5330 438.4049 300229.206020000 -0.0000 0.0000 10.0000
20552.7351 312572.6117 438.4003 300229.216020000 -0.0000 0.0000 10.0000
20552.7213 312572.6903 438.3957 300229.226020000 -0.0000 0.0000 10.0000
20552.7074 312572.7690 438.3911 300229.236020000 -0.0000 0.0000 10.0000
20552.6935 312572.8476 438.3865 300229.246020000 -0.0000 0.0000 10.0000
20552.6796 312572.9263 438.3819 300229.256020000 -0.0000 0.0000 10.0000
20552.6658 312573.0049 438.3774 300229.266020000 -0.0000 0.0000 10.0000
20552.6519 312573.0836 438.3728 300229.276020000 -0.0000 0.0000 10.0000
20552.6380 312573.1622 438.3682 300229.286020000 -0.0000 0.0000 10.0000
20552.6242 312573.2409 438.3636 300229.296020000 -0.0000 0.0000 10.0000
20552.6103 312573.3196 438.3590 300229.306020000 -0.0000 0.0000 10.0000
20552.5964 312573.3982 438.3544 300229.316020000 -0.0000 0.0000 10.0000
20552.5826 312573.4769 438.3498 300229.326020000 -0.0000 0.0000 10.0000
20552.5687 312573.5555 438.3452 300229.336020000 -0.0000 0.0000 10.0000
20552.5548 312573.6342 438.3406 300229.346020000 -0.0000 0.0000 10.0000
20552.5410 312573.7128 438.3360 300229.356020000 -0.0000 0.0000 10.0000
20552.5271 312573.7915 438.3315 300229.366020000 -0.0000 0.0000 10.0000
20552.5132 312573.8701 438.3269 300229.376020000 -0.0000 0.0000 10.0000
20552.4993 312573.9488 438.3223 300229.386020000 -0.0000 0.0000 10.0000
20552.4855 312574.0274 438.3177 300229.396020000 -0.0000 0.0000 10.0000
20552.4716 312574.1061 438.3131 300229.406020000 -0.0000 0.0000 10.0000
20552.4577 312574.1848 438.3085 300229.416020000 -0.0000 0.0000 10.0000
20552.4439 312574.2634 438.3039 300229.426020000 -0.0000 0.0000 10.0000
20552.4300 312574.3421 438.2993 300229.436020000 -0.0000 0.0000 10.0000
20552.4161 312574.4207 438.2947 300229.446020000 -0.0000 0.0000 10.0000
20552.4023 312574.4994 438.2902 300229.456020000 -0.0000 0.0000 10.0000
20552.3884 312574.5780 438.2856 300229.466020000 -0.0000 0.0000 10.0000
20552.3745 312574.6567 438.2810 300229.476020000 -0.0000 0.0000 10.0000
20552.3607 312574.7353 438.2764 300229.486020000 -0.0000 0.0000 10.0000
20552.3468 312574.8140 438.2718 300229.496020000 -0.0000 0.0000 10.0000
20552.3329 312574.8927 438.2672 300229.506020000 -0.0000 0.0000 10.0000
20552.3191 312574.9713 438.2626 300229.516020000 -0.0000 0.0000 10.0000
20552.3052 312575.0500 438.2580 300229.526020000 -0.0000 0.0000 10.0000
20552.2913 312575.1286 438.2534 300229.536020000 -0.0000 0.0000 10.0000
20552.2774 312575.2073 438.2488 300229.546020000 -0.0000 0.0000 10.0000
20552.2636 312575.2859 438.2443 300229.556020000 -0.0000 0.0000 10.0000
20552.2497 312575.3646 438.2397 300229.566020000 -0.0000 0.0000 10.0000
20552.2358 312575.4432 438.2351 300229.576020000 -0.0000 0.0000 10.0000
20552.2220 312575.5219 438.2305 300229.586020000 -0.0000 0.0000 10.0000
20552.2081 312575.6005 438.2259 300229.596020000 -0.0000 0.0000 10.0000
20552.1942 312575.6792 438.2213 300229.606020000 -0.0000 0.0000 10.0000
20552.1804 312575.7579 438.2167 300229.616020000 -0.0000 0.0000 10.0000
20552.1665 312575.8365 438.2121 300229.626020000 -0.0000 0.0000 10.0000
20552.1526 312575.9152 438.2075 300229.636020000 -0.0000 0.0000 10.0000
20552.1388 312575.9938 438.2029 300229.646020000 -0.0000 0.0000 10.0000
20552.1249 312576.0725 438.1984 300229.656020000 -0.0000 0.0000 10.0000
20552.1110 312576.1511 438.1938 300229.666020000 -0.0000 0.0000 10.0000
20552.0971 312576.2298 438.1892 300229.676020000 -0.0000 0.0000 10.0000
20552.0833 312576.3084 438.1846 300229.686020000 -0.0000 0.0000 10.0000
20552.0694 312576.3871 438.1800 300229.696020000 -0.0000 0.0000 10.0000
20552.0555 312576.4657 438.1754 300229.706020000 -0.0000 0.0000 10.0000
20552.0417 312576.5444 438.1708 300229.716020000 -0.0000 0.0000 10.0000
20552.0278 312576.6231 438.1662 300229.726020000 -0.0000 0.0000 10.0000
20552.0139 312576.7017 438.1616 300229.736020000 -0.0000 0.0000 10.0000
20552.0001 312576.7804 438.1570 300229.746020000 -0.0000 0.0000 10.0000
20551.9862 312576.8590 438.1525 300229.756020000 -0.0000 0.0000 10.0000
20551.9723 312576.9377 438.1479 300229.766020000 -0.0000 0.0000 10.0000
20551.9585 312577.0163 438.1433 300229.776020000 -0.0000 0.0000 10.0000
20551.9446 312577.0950 438.1387 300229.786020000 -0.0000 0.0000 10.0000
20551.9307 312577.1736 438.1341 300229.796020000 -0.0000 0.0000 10.0000
20551.9169 312577.2523 438.1295 300229.806020000 -0.0000 0.0000 10.0000
20551.9030 312577.3310 438.1249 300229.816020000 -0.0000 0.0000 10.0000
20551.8891 312577.4096 438.1203 300229.826020000 -0.0000 0.0000 10.0000
20551.8752 312577.4883 438.1157 300229.836020000 -0.0000 0.0000 10.0000
20551.8614 312577.5669 438.1112 300229.846020000 -0.0000 0.0000 10.0000
20551.8475 312577.6456 438.1066 300229.856020000 -0.0000 0.0000 10.0000
20551.8336 312577.7242 438.1020 300229.866020000 -0.0000 0.0000 10.0000
20551.8198 312577.8029 438.0974 300229.876020000 -0.0000 0.0000 10.0000
20551.8059 312577.8815 438.0928 300229.886020000 -0.0000 0.0000 10.0000
20551.7920 312577.9602 438.0882 300229.896020000 -0.0000 0.0000 10.0000
20551.7782 312578.0388 438.0836 300229.906020000 -0.0000 0.0000 10.0000
20551.7643 312578.1175 438.0790 300229.916020000 -0.0000 0.0000 10.0000
20551.7504 312578.1962 438.0744 300229.926020000 -0.0000 0.0000 10.0000
20551.7366 312578.2748 438.0698 300229.936020000 -0.0000 0.0000 10.0000
20551.7227 312578.3535 438.0653 300229.946020000 -0.0000 0.0000 10.0000
20551.7088 312578.4321 438.0607 300229.956020000 -0.0000 0.0000 10.0000
20551.6949 312578.5108 438.0561 300229.966020000 -0.0000 0.0000 10.0000
20551.6811 312578.5894 438.0515 300229.976020000 -0.0000 0.0000 10.0000
20551.6672 312578.6681 438.0469 300229.986020000 -0.0000 0.0000 10.0000
20551.6533 312578.7467 438.0423 300229.996020000 -0.0000 0.0000 10.0000
20551.6395 312578.8254 438.0377 300230.006020000 -0.0000 0.0000 10.0000
20551.6256 312578.9040 438.0331 300230.016020000 -0.0000 0.0000 10.0000
20551.6117 312578.9827 438.0285 300230.026020000 -0.0000 0.0000 10.0000
20551.5979 312579.0614 438.0239 300230.036020000 -0.0000 0.0000 10.0000
20551.5840 312579.1400 438.0194 300230.046020000 -0.0000 0.0000 10.0000
20551.5701 312579.2187 438.0148 300230.056020000 -0.0000 0.0000 10.0000
20551.5563 312579.2973 438.0102 300230.066020000 -0.0000 0.0000 10.0000
20551.5424 312579.3760 438.0056 300230.076020000 -0.0000 0.0000 10.0000
20551.5285 312579.4546 438.0010 300230.086020000 -0.0000 0.0000 10.0000
20551.5147 312579.5333 437.9964 300230.096020000 -0.0000 0.0000 10.0000
20551.5008 312579.6119 437.9918 300230.106020000 -0.0000 0.0000 10.0000
20551.4869 312579.6906 437.9872 300230.116020000 -0.0000 0.0000 10.0000
20551.4730 312579.7693 437.9826 300230.126020000 -0.0000 0.0000 10.0000
20551.4592 312579.8479 437.9780 300230.136020000 -0.0000 0.0000 10.0000
20551.4453 312579.9266 437.9735 300230.146020000 -0.0000 0.0000 10.0000
20551.4314 312580.0052 437.9689 300230.156020000 -0.0000 0.0000 10.0000
20551.4176 312580.0839 437.9643 300230.166020000 -0.0000 0.0000 10.0000
20551.4037 312580.1625 437.9597 300230.176020000 -0.0000 0.0000 10.0000
20551.3898 312580.2412 437.9551 300230.186020000 -0.0000 0.0000 10.0000
20551.3760 312580.3198 437.9505 300230.196020000 -0.0000 0.0000 10.0000
20551.3621 312580.3985 437.9459 300230.206020000 -0.0000 0.0000 10.0000
20551.3482 312580.4771 437.9413 300230.216020000 -0.0000 0.0000 10.0000
20551.3344 312580.5558 437.9367 300230.226020000 -0.0000 0.0000 10.0000
20551.3205 312580.6345 437.9322 300230.236020000 -0.0000 0.0000 10.0000
20551.3066 312580.7131 437.9276 300230.246020000 -0.0000 0.0000 10.0000
20551.2927 312580.7918 437.9230 300230.256020000 -0.0000 0.0000 10.0000
20551.2789 312580.8704 437.9184 300230.266020000 -0.0000 0.0000 10.0000
20551.2650 312580.9491 437.9138 300230.276020000 -0.0000 0.0000 10.0000
20551.2511 312581.0277 437.9092 300230.286020000 -0.0000 0.0000 10.0000
20551.2373 312581.1064 437.9046 300230.296020000 -0.0000 0.0000 10.0000
20551.2234 312581.1850 437.9000 300230.306020000 -0.0000 0.0000 10.0000
20551.2095 312581.2637 437.8954 300230.316020000 -0.0000 0.0000 10.0000
20551.1957 312581.3423 437.8908 300230.326020000 -0.0000 0.0000 10.0000
20551.1818 312581.4210 437.8863 300230.336020000 -0.0000 0.0000 10.0000
20551.1679 312581.4997 437.8817 300230.346020000 -0.0000 0.0000 10.0000
20551.1541 312581.5783 437.8771 300230.356020000 -0.0000 0.0000 10.0000
20551.1402 312581.6570 437.8725 300230.366020000 -0.0000 0.0000 10.0000
20551.1263 312581.7356 437.8679 300230.376020000 -0.0000 0.0000 10.0000
20551.1125 312581.8143 437.8633 300230.386020000 -0.0000 0.0000 10.0000
20551.0986 312581.8929 437.8587 300230.396020000 -0.0000 0.0000 10.0000
20551.0847 312581.9716 437.8541 300230.406020000 -0.0000 0.0000 10.0000
20551.0708 312582.0502 437.8495 300230.416020000 -0.0000 0.0000 10.0000
20551.0570 312582.1289 437.8449 300230.426020000 -0.0000 0.0000 10.0000
20551.0431 312582.2076 437.8404 300230.436020000 -0.0000 0.0000 10.0000
20551.0292 312582.2862 437.8358 300230.446020000 -0.0000 0.0000 10.0000
20551.0154 312582.3649 437.8312 300230.456020000 -0.0000 0.0000 10.0000
20551.0015 312582.4435 437.8266 300230.466020000 -0.0000 0.0000 10.0000
20550.9876 312582.5222 437.8220 300230.476020000 -0.0000 0.0000 10.0000
20550.9738 312582.6008 437.8174 300230.486020000 -0.0000 0.0000 10.0000
20550.9599 312582.6795 437.8128 300230.496020000 -0.0000 0.0000 10.0000
20550.9460 312582.7581 437.8082 300230.506020000 -0.0000 0.0000 10.0000
20550.9322 312582.8368 437.8036 300230.516020000 -0.0000 0.0000 10.0000
20550.9183 312582.9154 437.7990 300230.526020000 -0.0000 0.0000 10.0000
20550.9044 312582.9941 437.7945 300230.536020000 -0.0000 0.0000 10.0000
20550.8905 312583.0728 437.7899 300230.546020000 -0.0000 0.0000 10.0000
20550.8767 312583.1514 437.7853 300230.556020000 -0.0000 0.0000 10.0000
20550.8628 312583.2301 437.7807 300230.566020000 -0.0000 0.0000 10.0000
20550.8489 312583.3087 437.7761 300230.576020000 -0.0000 0.0000 10.0000
20550.8351 312583.3874 437.7715 300230.586020000 -0.0000 0.0000 10.0000
20550.8212 312583.4660 437.7669 300230.596020000 -0.0000 0.0000 10.0000
20550.8073 312583.5447 437.7623 300230.606020000 -0.0000 0.0000 10.0000
20550.7935 312583.6233 437.7577 300230.616020000 -0.0000 0.0000 10.0000
20550.7796 312583.7020 437.7531 300230.626020000 -0.0000 0.0000 10.0000
20550.7657 312583.7806 437.7486 300230.636020000 -0.0000 0.0000 10.0000
20550.7519 312583.8593 437.7440 300230.646020000 -0.0000 0.0000 10.0000
20550.7380 312583.9380 437.7394 300230.656020000 -0.0000 0.0000 10.0000
20550.7241 312584.0166 437.7348 300230.666020000 -0.0000 0.0000 10.0000
20550.7103 312584.0953 437.7302 300230.676020000 -0.0000 0.0000 10.0000
20550.6964 312584.1739 437.7256 300230.686020000 -0.0000 0.0000 10.0000
20550.6825 312584.2526 437.7210 300230.696020000 -0.0000 0.0000 10.0000
20550.6686 312584.3312 437.7164 300230.706020000 -0.0000 0.0000 10.0000
20550.6548 312584.4099 437.7118 300230.716020000 -0.0000 0.0000 10.0000
20550.6409 312584.4885 437.7073 300230.726020000 -0.0000 0.0000 10.0000
20550.6270 312584.5672 437.7027 300230.736020000 -0.0000 0.0000 10.0000
20550.6132 312584.6459 437.6981 300230.746020000 -0.0000 0.0000 10.0000
20550.5993 312584.7245 437.6935 300230.756020000 -0.0000 0.0000 10.0000
20550.5854 312584.8032 437.6889 300230.766020000 -0.0000 0.0000 10.0000
20550.5716 312584.8818 437.6843 300230.776020000 -0.0000 0.0000 10.0000
20550.5577 312584.9605 437.6797 300230.786020000 -0.0000 0.0000 10.0000
20550.5438 312585.0391 437.6751 300230.796020000 -0.0000 0.0000 10.0000
20550.5300 312585.1178 437.6705 300230.806020000 -0.0000 0.0000 10.0000
20550.5161 312585.1964 437.6659 300230.816020000 -0.0000 0.0000 10.0000
20550.5022 312585.2751 437.6614 300230.826020000 -0.0000 0.0000 10.0000
20550.4883 312585.3537 437.6568 300230.836020000 -0.0000 0.0000 10.0000
20550.4745 312585.4324 437.6522 300230.846020000 -0.0000 0.0000 10.0000
20550.4606 312585.5111 437.6476 300230.856020000 -0.0000 0.0000 10.0000
20550.4467 312585.5897 437.6430 300230.866020000 -0.0000 0.0000 10.0000
20550.4329 312585.6684 437.6384 300230.876020000 -0.0000 0.0000 10.0000
20550.4190 312585.7470 437.6338 300230.886020000 -0.0000 0.0000 10.0000
20550.4051 312585.8257 437.6292 300230.896020000 -0.0000 0.0000 10.0000
20550.3913 312585.9043 437.6246 300230.906020000 -0.0000 0.0000 10.0000
20550.3774 312585.9830 437.6200 300230.916020000 -0.0000 0.0000 10.0000
20550.3635 312586.0616 437.6155 300230.926020000 -0.0000 0.0000 10.0000
20550.3497 312586.1403 437.6109 300230.936020000 -0.0000 0.0000 10.0000
20550.3358 312586.2189 437.6063 300230.946020000 -0.0000 0.0000 10.0000
20550.3219 312586.2976 437.6017 300230.956020000 -0.0000 0.0000 10.0000
20550.3081 312586.3763 437.5971 300230.966020000 -0.0000 0.0000 10.0000
20550.2942 312586.4549 437.5925 300230.976020000 -0.0000 0.0000 10.0000
20550.2803 312586.5336 437.5879 300230.986020000 -0.0000 0.0000 10.0000
20550.2664 312586.6122 437.5833 300230.996020000 -0.0000 0.0000 10.0000
20550.2526 312586.6909 437.5787 300231.006020000 -0.0000 0.0000 10.0000
20550.2387 312586.7695 437.5741 300231.016020000 -0.0000 0.0000 10.0000
20550.2248 312586.8482 437.5696 300231.026020000 -0.0000 0.0000 10.0000
20550.2110 312586.9268 437.5650 300231.036020000 -0.0000 0.0000 10.0000
20550.1971 312587.0055 437.5604 300231.046020000 -0.0000 0.0000 10.0000
20550.1832 312587.0842 437.5558 300231.056020000 -0.0000 0.0000 10.0000
20550.1694 312587.1628 437.5512 300231.066020000 -0.0000 0.0000 10.0000
20550.1555 312587.2415 437.5466 300231.076020000 -0.0000 0.0000 10.0000
20550.1416 312587.3201 437.5420 300231.086020000 -0.0000 0.0000 10.0000
20550.1278 312587.3988 437.5374 300231.096020000 -0.0000 0.0000 10.0000
20550.1139 312587.4774 437.5328 300231.106020000 -0.0000 0.0000 10.0000
20550.1000 312587.5561 437.5283 300231.116020000 -0.0000 0.0000 10.0000
20550.0861 312587.6347 437.5237 300231.126020000 -0.0000 0.0000 10.0000
20550.0723 312587.7134 437.5191 300231.136020000 -0.0000 0.0000 10.0000
20550.0584 312587.7920 437.5145 300231.146020000 -0.0000 0.0000 10.0000
20550.0445 312587.8707 437.5099 300231.156020000 -0.0000 0.0000 10.0000
20550.0307 312587.9494 437.5053 300231.166020000 -0.0000 0.0000 10.0000
20550.0168 312588.0280 437.5007 300231.176020000 -0.0000 0.0000 10.0000
20550.0029 312588.1067 437.4961 300231.186020000 -0.0000 0.0000 10.0000
20549.9891 312588.1853 437.4915 300231.196020000 -0.0000 0.0000 10.0000
20549.9752 312588.2640 437.4869 300231.206020000 -0.0000 0.0000 10.0000
20549.9613 312588.3426 437.4824 300231.216020000 -0.0000 0.0000 10.0000
20549.9475 312588.4213 437.4778 300231.226020000 -0.0000 0.0000 10.0000
20549.9336 312588.4999 437.4732 300231.236020000 -0.0000 0.0000 10.0000
20549.9197 312588.5786 437.4686 300231.246020000 -0.0000 0.0000 10.0000
20549.9059 312588.6572 437.4640 300231.256020000 -0.0000 0.0000 10.0000
20549.8920 312588.7359 437.4594 300231.266020000 -0.0000 0.0000 10.0000
20549.8781 312588.8146 437.4548 300231.276020000 -0.0000 0.0000 10.0000
20549.8642 312588.8932 437.4502 300231.286020000 -0.0000 0.0000 10.0000
20549.8504 312588.9719 437.4456 300231.296020000 -0.0000 0.0000 10.0000
20549.8365 312589.0505 437.4410 300231.306020000 -0.0000 0.0000 10.0000
20549.8226 312589.1292 437.4365 300231.316020000 -0.0000 0.0000 10.0000
20549.8088 312589.2078 437.4319 300231.326020000 -0.0000 0.0000 10.0000
20549.7949 312589.2865 437.4273 300231.336020000 -0.0000 0.0000 10.0000
20549.7810 312589.3651 437.4227 300231.346020000 -0.0000 0.0000 10.0000
20549.7672 312589.4438 437.4181 300231.356020000 -0.0000 0.0000 10.0000
20549.7533 312589.5225 437.4135 300231.366020000 -0.0000 0.0000 10.0000
20549.7394 312589.6011 437.4089 300231.376020000 -0.0000 0.0000 10.0000
20549.7256 312589.6798 437.4043 300231.386020000 -0.0000 0.0000 10.0000
20549.7117 312589.7584 437.3997 300231.396020000 -0.0000 0.0000 10.0000
20549.6978 312589.8371 437.3951 300231.406020000 -0.0000 0.0000 10.0000
20549.6839 312589.9157 437.3906 300231.416020000 -0.0000 0.0000 10.0000
20549.6701 312589.9944 437.3860 300231.426020000 -0.0000 0.0000 10.0000
20549.6562 312590.0730 437.3814 300231.436020000 -0.0000 0.0000 10.0000
20549.6423 312590.1517 437.3768 300231.446020000 -0.0000 0.0000 10.0000
20549.6285 312590.2303 437.3722 300231.456020000 -0.0000 0.0000 10.0000
20549.6146 312590.3090 437.3676 300231.466020000 -0.0000 0.0000 10.0000
20549.6007 312590.3877 437.3630 300231.476020000 -0.0000 0.0000 10.0000
20549.5869 312590.4663 437.3584 300231.486020000 -0.0000 0.0000 10.0000
20549.5730 312590.5450 437.3538 300231.496020000 -0.0000 0.0000 10.0000
20549.5591 312590.6236 437.3493 300231.506020000 -0.0000 0.0000 10.0000
20549.5453 312590.7023 437.3447 300231.516020000 -0.0000 0.0000 10.0000
20549.5314 312590.7809 437.3401 300231.526020000 -0.0000 0.0000 10.0000
20549.5175 312590.8596 437.3355 300231.536020000 -0.0000 0.0000 10.0000
20549.5037 312590.9382 437.3309 300231.546020000 -0.0000 0.0000 10.0000
20549.4898 312591.0169 437.3263 300231.556020000 -0.0000 0.0000 10.0000
20549.4759 312591.0956 437.3217 300231.566020000 -0.0000 0.0000 10.0000
20549.4620 312591.1742 437.3171 300231.576020000 -0.0000 0.0000 10.0000
20549.4482 312591.2529 437.3125 300231.586020000 -0.0000 0.0000 10.0000
20549.4343 312591.3315 437.3079 300231.596020000 -0.0000 0.0000 10.0000
20549.4204 312591.4102 437.3034 300231.606020000 -0.0000 0.0000 10.0000
20549.4066 312591.4888 437.2988 300231.616020000 -0.0000 0.0000 10.0000
20549.3927 312591.5675 437.2942 300231.626020000 -0.0000 0.0000 10.0000
20549.3788 312591.6461 437.2896 300231.636020000 -0.0000 0.0000 10.0000
20549.3650 312591.7248 437.2850 300231.646020000 -0.0000 0.0000 10.0000
20549.3511 312591.8034 437.2804 300231.656020000 -0.0000 0.0000 10.0000
20549.3372 312591.8821 437.2758 300231.666020000 -0.0000 0.0000 10.0000
20549.3234 312591.9608 437.2712 300231.676020000 -0.0000 0.0000 10.0000
20549.3095 312592.0394 437.2666 300231.686020000 -0.0000 0.0000 10.0000
20549.2956 312592.1181 437.2620 300231.696020000 -0.0000 0.0000 10.0000
20549.2817 312592.1967 437.2575 300231.706020000 -0.0000 0.0000 10.0000
20549.2679 312592.2754 437.2529 300231.716020000 -0.0000 0.0000 10.0000
20549.2540 312592.3540 437.2483 300231.726020000 -0.0000 0.0000 10.0000
20549.2401 312592.4327 437.2437 300231.736020000 -0.0000 0.0000 10.0000
20549.2263 312592.5113 437.2391 300231.746020000 -0.0000 0.0000 10.0000
20549.2124 312592.5900 437.2345 300231.756020000 -0.0000 0.0000 10.0000
20549.1985 312592.6686 437.2299 300231.766020000 -0.0000 0.0000 10.0000
20549.1847 312592.7473 437.2253 300231.776020000 -0.0000 0.0000 10.0000
20549.1708 312592.8260 437.2207 300231.786020000 -0.0000 0.0000 10.0000
20549.1569 312592.9046 437.2161 300231.796020000 -0.0000 0.0000 10.0000
20549.1431 312592.9833 437.2116 300231.806020000 -0.0000 0.0000 10.0000
20549.1292 312593.0619 437.2070 300231.816020000 -0.0000 0.0000 10.0000
20549.1153 312593.1406 437.2024 300231.826020000 -0.0000 0.0000 10.0000
20549.1015 312593.2192 437.1978 300231.836020000 -0.0000 0.0000 10.0000
20549.0876 312593.2979 437.1932 300231.846020000 -0.0000 0.0000 10.0000
20549.0737 312593.3765 437.1886 300231.856020000 -0.0000 0.0000 10.0000
20549.0598 312593.4552 437.1840 300231.866020000 -0.0000 0.0000 10.0000
20549.0460 312593.5339 437.1794 300231.876020000 -0.0000 0.0000 10.0000
20549.0321 312593.6125 437.1748 300231.886020000 -0.0000 0.0000 10.0000
20549.0182 312593.6912 437.1702 300231.896020000 -0.0000 0.0000 10.0000
20549.0044 312593.7698 437.1657 300231.906020000 -0.0000 0.0000 10.0000
20548.9905 312593.8485 437.1611 300231.916020000 -0.0000 0.0000 10.0000
20548.9766 312593.9271 437.1565 300231.926020000 -0.0000 0.0000 10.0000
20548.9628 312594.0058 437.1519 300231.936020000 -0.0000 0.0000 10.0000
20548.9489 312594.0844 437.1473 300231.946020000 -0.0000 0.0000 10.0000
20548.9350 312594.1631 437.1427 300231.956020000 -0.0000 0.0000 10.0000
20548.9212 312594.2417 437.1381 300231.966020000 -0.0000 0.0000 10.0000
20548.9073 312594.3204 437.1335 300231.976020000 -0.0000 0.0000 10.0000
20548.8934 312594.3991 437.1289 300231.986020000 -0.0000 0.0000 10.0000
20548.8795 312594.4777 437.1244 300231.996020000 -0.0000 0.0000 10.0000
20548.8657 312594.5564 437.1198 300232.006020000 -0.0000 0.0000 10.0000
20548.8518 312594.6350 437.1152 300232.016020000 -0.0000 0.0000 10.0000
20548.8379 312594.7137 437.1106 300232.026020000 -0.0000 0.0000 10.0000
20548.8241 312594.7923 437.1060 300232.036020000 -0.0000 0.0000 10.0000
20548.8102 312594.8710 437.1014 300232.046020000 -0.0000 0.0000 10.0000
20548.7963 312594.9496 437.0968 300232.056020000 -0.0000 0.0000 10.0000
20548.7825 312595.0283 437.0922 300232.066020000 -0.0000 0.0000 10.0000
20548.7686 312595.1069 437.0876 300232.076020000 -0.0000 0.0000 10.0000
20548.7547 312595.1856 437.0830 300232.086020000 -0.0000 0.0000 10.0000
20548.7409 312595.2643 437.0785 300232.096020000 -0.0000 0.0000 10.0000
20548.7270 312595.3429 437.0739 300232.106020000 -0.0000 0.0000 10.0000
20548.7131 312595.4216 437.0693 300232.116020000 -0.0000 0.0000 10.0000
20548.6993 312595.5002 437.0647 300232.126020000 -0.0000 0.0000 10.0000
20548.6854 312595.5789 437.0601 300232.136020000 -0.0000 0.0000 10.0000
20548.6715 312595.6575 437.0555 300232.146020000 -0.0000 0.0000 10.0000
20548.6576 312595.7362 437.0509 300232.156020000 -0.0000 0.0000 10.0000
20548.6438 312595.8148 437.0463 300232.166020000 -0.0000 0.0000 10.0000
20548.6299 312595.8935 437.0417 300232.176020000 -0.0000 0.0000 10.0000
20548.6160 312595.9722 437.0371 300232.186020000 -0.0000 0.0000 10.0000
20548.6022 312596.0508 437.0326 300232.196020000 -0.0000 0.0000 10.0000
20548.5883 312596.1295 437.0280 300232.206020000 -0.0000 0.0000 10.0000
20548.5744 312596.2081 437.0234 300232.216020000 -0.0000 0.0000 10.0000
20548.5606 312596.2868 437.0188 300232.226020000 -0.0000 0.0000 10.0000
20548.5467 312596.3654 437.0142 300232.236020000 -0.0000 0.0000 10.0000
20548.5328 312596.4441 437.0096 300232.246020000 -0.0000 0.0000 10.0000
20548.5190 312596.5227 437.0050 300232.256020000 -0.0000 0.0000 10.0000
20548.5051 312596.6014 437.0004 300232.266020000 -0.0000 0.0000 10.0000
20548.4912 312596.6800 436.9958 300232.276020000 -0.0000 0.0000 10.0000
20548.4773 312596.7587 436.9912 300232.286020000 -0.0000 0.0000 10.0000
20548.4635 312596.8374 436.9867 300232.296020000 -0.0000 0.0000 10.0000
20548.4496 312596.9160 436.9821 300232.306020000 -0.0000 0.0000 10.0000
20548.4357 312596.9947 436.9775 300232.316020000 -0.0000 0.0000 10.0000
20548.4219 312597.0733 436.9729 300232.326020000 -0.0000 0.0000 10.0000
20548.4080 312597.1520 436.9683 300232.336020000 -0.0000 0.0000 10.0000
20548.3941 312597.2306 436.9637 300232.346020000 -0.0000 0.0000 10.0000
20548.3803 312597.3093 436.9591 300232.356020000 -0.0000 0.0000 10.0000
20548.3664 312597.3879 436.9545 300232.366020000 -0.0000 0.0000 10.0000
20548.3525 312597.4666 436.9499 300232.376020000 -0.0000 0.0000 10.0000
20548.3387 312597.5452 436.9454 300232.386020000 -0.0000 0.0000 10.0000
20548.3248 312597.6239 436.9408 300232.396020000 -0.0000 0.0000 10.0000
20548.3109 312597.7026 436.9362 300232.406020000 -0.0000 0.0000 10.0000
20548.2971 312597.7812 436.9316 300232.416020000 -0.0000 0.0000 10.0000
20548.2832 312597.8599 436.9270 300232.426020000 -0.0000 0.0000 10.0000
20548.2693 312597.9385 436.9224 300232.436020000 -0.0000 0.0000 10.0000
20548.2554 312598.0172 436.9178 300232.446020000 -0.0000 0.0000 10.0000
20548.2416 312598.0958 436.9132 300232.456020000 -0.0000 0.0000 10.0000
20548.2277 312598.1745 436.9086 300232.466020000 -0.0000 0.0000 10.0000
20548.2138 312598.2531 436.9040 300232.476020000 -0.0000 0.0000 10.0000
20548.2000 312598.3318 436.8995 300232.486020000 -0.0000 0.0000 10.0000
20548.1861 312598.4105 436.8949 300232.496020000 -0.0000 0.0000 10.0000
20548.1722 312598.4891 436.8903 300232.506020000 -0.0000 0.0000 10.0000
20548.1584 312598.5678 436.8857 300232.516020000 -0.0000 0.0000 10.0000
20548.1445 312598.6464 436.8811 300232.526020000 -0.0000 0.0000 10.0000
20548.1306 312598.7251 436.8765 300232.536020000 -0.0000 0.0000 10.0000
20548.1168 312598.8037 436.8719 300232.546020000 -0.0000 0.0000 10.0000
20548.1029 312598.8824 436.8673 300232.556020000 -0.0000 0.0000 10.0000
20548.0890 312598.9610 436.8627 300232.566020000 -0.0000 0.0000 10.0000
20548.0751 312599.0397 436.8581 300232.576020000 -0.0000 0.0000 10.0000
20548.0613 312599.1183 436.8536 300232.586020000 -0.0000 0.0000 10.0000
20548.0474 312599.1970 436.8490 300232.596020000 -0.0000 0.0000 10.0000
20548.0335 312599.2757 436.8444 300232.606020000 -0.0000 0.0000 10.0000
20548.0197 312599.3543 436.8398 300232.616020000 -0.0000 0.0000 10.0000
20548.0058 312599.4330 436.8352 300232.626020000 -0.0000 0.0000 10.0000
20547.9919 312599.5116 436.8306 300232.636020000 -0.0000 0.0000 10.0000
20547.9781 312599.5903 436.8260 300232.646020000 -0.0000 0.0000 10.0000
20547.9642 312599.6689 436.8214 300232.656020000 -0.0000 0.0000 10.0000
20547.9503 312599.7476 436.8168 300232.666020000 -0.0000 0.0000 10.0000
20547.9365 312599.8262 436.8122 300232.676020000 -0.0000 0.0000 10.0000
20547.9226 312599.9049 436.8077 300232.686020000 -0.0000 0.0000 10.0000
20547.9087 312599.9835 436.8031 300232.696020000 -0.0000 0.0000 10.0000
20547.8949 312600.0622 436.7985 300232.706020000 -0.0000 0.0000 10.0000
20547.8810 312600.1409 436.7939 300232.716020000 -0.0000 0.0000 10.0000
20547.8671 312600.2195 436.7893 300232.726020000 -0.0000 0.0000 10.0000
20547.8532 312600.2982 436.7847 300232.736020000 -0.0000 0.0000 10.0000
20547.8394 312600.3768 436.7801 300232.746020000 -0.0000 0.0000 10.0000
20547.8255 312600.4555 436.7755 300232.756020000 -0.0000 0.0000 10.0000
20547.8116 312600.5341 436.7709 300232.766020000 -0.0000 0.0000 10.0000
20547.7978 312600.6128 436.7664 300232.776020000 -0.0000 0.0000 10.0000
20547.7839 312600.6914 436.7618 300232.786020000 -0.0000 0.0000 10.0000
20547.7700 312600.7701 436.7572 300232.796020000 -0.0000 0.0000 10.0000
20547.7562 312600.8488 436.7526 300232.806020000 -0.0000 0.0000 10.0000
20547.7423 312600.9274 436.7480 300232.816020000 -0.0000 0.0000 10.0000
20547.7284 312601.0061 436.7434 300232.826020000 -0.0000 0.0000 10.0000
20547.7146 312601.0847 436.7388 300232.836020000 -0.0000 0.0000 10.0000
20547.7007 312601.1634 436.7342 300232.846020000 -0.0000 0.0000 10.0000
20547.6868 312601.2420 436.7296 300232.856020000 -0.0000 0.0000 10.0000
20547.6729 312601.3207 436.7250 300232.866020000 -0.0000 0.0000 10.0000
20547.6591 312601.3993 436.7205 300232.876020000 -0.0000 0.0000 10.0000
20547.6452 312601.4780 436.7159 300232.886020000 -0.0000 0.0000 10.0000
20547.6313 312601.5566 436.7113 300232.896020000 -0.0000 0.0000 10.0000
20547.6175 312601.6353 436.7067 300232.906020000 -0.0000 0.0000 10.0000
20547.6036 312601.7140 436.7021 300232.916020000 -0.0000 0.0000 10.0000
20547.5897 312601.7926 436.6975 300232.926020000 -0.0000 0.0000 10.0000
20547.5759 312601.8713 436.6929 300232.936020000 -0.0000 0.0000 10.0000
20547.5620 312601.9499 436.6883 300232.946020000 -0.0000 0.0000 10.0000
20547.5481 312602.0286 436.6837 300232.956020000 -0.0000 0.0000 10.0000
20547.5343 312602.1072 436.6791 300232.966020000 -0.0000 0.0000 10.0000
20547.5204 312602.1859 436.6746 300232.976020000 -0.0000 0.0000 10.0000
20547.5065 312602.2645 436.6700 300232.986020000 -0.0000 0.0000 10.0000
20547.4926 312602.3432 436.6654 300232.996020000 -0.0000 0.0000 10.0000
20547.4788 312602.4218 436.6608 300233.006020000 -0.0000 0.0000 10.0000
20547.4649 312602.5005 436.6562 300233.016020000 -0.0000 0.0000 10.0000
20547.4510 312602.5792 436.6516 300233.026020000 -0.0000 0.0000 10.0000
20547.4372 312602.6578 436.6470 300233.036020000 -0.0000 0.0000 10.0000
20547.4233 312602.7365 436.6424 300233.046020000 -0.0000 0.0000 10.0000
20547.4094 312602.8151 436.6378 300233.056020000 -0.0000 0.0000 10.0000
20547.3956 312602.8938 436.6332 300233.066020000 -0.0000 0.0000 10.0000
20547.3817 312602.9724 436.6287 300233.076020000 -0.0000 0.0000 10.0000
20547.3678 312603.0511 436.6241 300233.086020000 -0.0000 0.0000 10.0000
20547.3540 312603.1297 436.6195 300233.096020000 -0.0000 0.0000 10.0000
20547.3401 312603.2084 436.6149 300233.106020000 -0.0000 0.0000 10.0000
20547.3262 312603.2871 436.6103 300233.116020000 -0.0000 0.0000 10.0000
20547.3124 312603.3657 436.6057 300233.126020000 -0.0000 0.0000 10.0000
20547.2985 312603.4444 436.6011 300233.136020000 -0.0000 0.0000 10.0000
20547.2846 312603.5230 436.5965 300233.146020000 -0.0000 0.0000 10.0000
20547.2707 312603.6017 436.5919 300233.156020000 -0.0000 0.0000 10.0000
20547.2569 312603.6803 436.5874 300233.166020000 -0.0000 0.0000 10.0000
20547.2430 312603.7590 436.5828 300233.176020000 -0.0000 0.0000 10.0000
20547.2291 312603.8376 436.5782 300233.186020000 -0.0000 0.0000 10.0000
20547.2153 312603.9163 436.5736 300233.196020000 -0.0000 0.0000 10.0000
20547.2014 312603.9949 436.5690 300233.206020000 -0.0000 0.0000 10.0000
20547.1875 312604.0736 436.5644 300233.216020000 -0.0000 0.0000 10.0000
20547.1737 312604.1523 436.5598 300233.226020000 -0.0000 0.0000 10.0000
20547.1598 312604.2309 436.5552 300233.236020000 -0.0000 0.0000 10.0000
20547.1459 312604.3096 436.5506 300233.246020000 -0.0000 0.0000 10.0000
20547.1321 312604.3882 436.5460 300233.256020000 -0.0000 0.0000 10.0000
20547.1182 312604.4669 436.5415 300233.266020000 -0.0000 0.0000 10.0000
20547.1043 312604.5455 436.5369 300233.276020000 -0.0000 0.0000 10.0000
20547.0904 312604.6242 436.5323 300233.286020000 -0.0000 0.0000 10.0000
20547.0766 312604.7028 436.5277 300233.296020000 -0.0000 0.0000 10.0000
20547.0627 312604.7815 436.5231 300233.306020000 -0.0000 0.0000 10.0000
20547.0488 312604.8601 436.5185 300233.316020000 -0.0000 0.0000 10.0000
20547.0350 312604.9388 436.5139 300233.326020000 -0.0000 0.0000 10.0000
20547.0211 312605.0175 436.5093 300233.336020000 -0.0000 0.0000 10.0000
20547.0072 312605.0961 436.5047 300233.346020000 -0.0000 0.0000 10.0000
20546.9934 312605.1748 436.5001 300233.356020000 -0.0000 0.0000 10.0000
20546.9795 312605.2534 436.4956 300233.366020000 -0.0000 0.0000 10.0000
20546.9656 312605.3321 436.4910 300233.376020000 -0.0000 0.0000 10.0000
20546.9518 312605.4107 436.4864 300233.386020000 -0.0000 0.0000 10.0000
20546.9379 312605.4894 436.4818 300233.396020000 -0.0000 0.0000 10.0000
20546.9240 312605.5680 436.4772 300233.406020000 -0.0000 0.0000 10.0000
20546.9102 312605.6467 436.4726 300233.416020000 -0.0000 0.0000 10.0000
20546.8963 312605.7254 436.4680 300233.426020000 -0.0000 0.0000 10.0000
20546.8824 312605.8040 436.4634 300233.436020000 -0.0000 0.0000 10.0000
20546.8685 312605.8827 436.4588 300233.446020000 -0.0000 0.0000 10.0000
20546.8547 312605.9613 436.4542 300233.456020000 -0.0000 0.0000 10.0000
20546.8408 312606.0400 436.4497 300233.466020000 -0.0000 0.0000 10.0000
20546.8269 312606.1186 436.4451 300233.476020000 -0.0000 0.0000 10.0000
20546.8131 312606.1973 436.4405 300233.486020000 -0.0000 0.0000 10.0000
20546.7992 312606.2759 436.4359 300233.496020000 -0.0000 0.0000 10.0000
20546.7853 312606.3546 436.4313 300233.506020000 -0.0000 0.0000 10.0000
20546.7715 312606.4332 436.4267 300233.516020000 -0.0000 0.0000 10.0000
20546.7576 312606.5119 436.4221 300233.526020000 -0.0000 0.0000 10.0000
20546.7437 312606.5906 436.4175 300233.536020000 -0.0000 0.0000 10.0000
20546.7299 312606.6692 436.4129 300233.546020000 -0.0000 0.0000 10.0000
20546.7160 312606.7479 436.4083 300233.556020000 -0.0000 0.0000 10.0000
20546.7021 312606.8265 436.4038 300233.566020000 -0.0000 0.0000 10.0000
20546.6882 312606.9052 436.3992 300233.576020000 -0.0000 0.0000 10.0000
20546.6744 312606.9838 436.3946 300233.586020000 -0.0000 0.0000 10.0000
20546.6605 312607.0625 436.3900 300233.596020000 -0.0000 0.0000 10.0000
20546.6466 312607.1411 436.3854 300233.606020000 -0.0000 0.0000 10.0000
20546.6328 312607.2198 436.3808 300233.616020000 -0.0000 0.0000 10.0000
20546.6189 312607.2984 436.3762 300233.626020000 -0.0000 0.0000 10.0000
20546.6050 312607.3771 436.3716 300233.636020000 -0.0000 0.0000 10.0000
20546.5912 312607.4558 436.3670 300233.646020000 -0.0000 0.0000 10.0000
20546.5773 312607.5344 436.3625 300233.656020000 -0.0000 0.0000 10.0000
20546.5634 312607.6131 436.3579 300233.666020000 -0.0000 0.0000 10.0000
20546.5496 312607.6917 436.3533 300233.676020000 -0.0000 0.0000 10.0000
20546.5357 312607.7704 436.3487 300233.686020000 -0.0000 0.0000 10.0000
20546.5218 312607.8490 436.3441 300233.696020000 -0.0000 0.0000 10.0000
20546.5080 312607.9277 436.3395 300233.706020000 -0.0000 0.0000 10.0000
20546.4941 312608.0063 436.3349 300233.716020000 -0.0000 0.0000 10.0000
20546.4802 312608.0850 436.3303 300233.726020000 -0.0000 0.0000 10.0000
20546.4663 312608.1637 436.3257 300233.736020000 -0.0000 0.0000 10.0000
20546.4525 312608.2423 436.3211 300233.746020000 -0.0000 0.0000 10.0000
20546.4386 312608.3210 436.3166 300233.756020000 -0.0000 0.0000 10.0000
20546.4247 312608.3996 436.3120 300233.766020000 -0.0000 0.0000 10.0000
20546.4109 312608.4783 436.3074 300233.776020000 -0.0000 0.0000 10.0000
20546.3970 312608.5569 436.3028 300233.786020000 -0.0000 0.0000 10.0000
20546.3831 312608.6356 436.2982 300233.796020000 -0.0000 0.0000 10.0000
20546.3693 312608.7142 436.2936 300233.806020000 -0.0000 0.0000 10.0000
20546.3554 312608.7929 436.2890 300233.816020000 -0.0000 0.0000 10.0000
20546.3415 312608.8715 436.2844 300233.826020000 -0.0000 0.0000 10.0000
20546.3277 312608.9502 436.2798 300233.836020000 -0.0000 0.0000 10.0000
20546.3138 312609.0289 436.2752 300233.846020000 -0.0000 0.0000 10.0000
20546.2999 312609.1075 436.2707 300233.856020000 -0.0000 0.0000 10.0000
20546.2860 312609.1862 436.2661 300233.866020000 -0.0000 0.0000 10.0000
20546.2722 312609.2648 436.2615 300233.876020000 -0.0000 0.0000 10.0000
20546.2583 312609.3435 436.2569 300233.886020000 -0.0000 0.0000 10.0000
20546.2444 312609.4221 436.2523 300233.896020000 -0.0000 0.0000 10.0000
20546.2306 312609.5008 436.2477 300233.906020000 -0.0000 0.0000 10.0000
20546.2167 312609.5794 436.2431 300233.916020000 -0.0000 0.0000 10.0000
20546.2028 312609.6581 436.2385 300233.926020000 -0.0000 0.0000 10.0000
20546.1890 312609.7368 436.2339 300233.936020000 -0.0000 0.0000 10.0000
20546.1751 312609.8154 436.2293 300233.946020000 -0.0000 0.0000 10.0000
20546.1612 312609.8941 436.2248 300233.956020000 -0.0000 0.0000 10.0000
20546.1474 312609.9727 436.2202 300233.966020000 -0.0000 0.0000 10.0000
20546.1335 312610.0514 436.2156 300233.976020000 -0.0000 0.0000 10.0000
20546.1196 312610.1300 436.2110 300233.986020000 -0.0000 0.0000 10.0000
20546.1058 312610.2087 436.2064 300233.996020000 -0.0000 0.0000 10.0000
20546.0919 312610.2873 436.2018 300234.006020000 -0.0000 0.0000 10.0000
20546.0780 312610.3660 436.1972 300234.016020000 -0.0000 0.0000 10.0000
20546.0641 312610.4446 436.1926 300234.026020000 -0.0000 0.0000 10.0000
20546.0503 312610.5233 436.1880 300234.036020000 -0.0000 0.0000 10.0000
20546.0364 312610.6020 436.1835 300234.046020000 -0.0000 0.0000 10.0000
20546.0225 312610.6806 436.1789 300234.056020000 -0.0000 0.0000 10.0000
20546.0087 312610.7593 436.1743 300234.066020000 -0.0000 0.0000 10.0000
20545.9948 312610.8379 436.1697 300234.076020000 -0.0000 0.0000 10.0000
20545.9809 312610.9166 436.1651 300234.086020000 -0.0000 0.0000 10.0000
20545.9671 312610.9952 436.1605 300234.096020000 -0.0000 0.0000 10.0000
20545.9532 312611.0739 436.1559 300234.106020000 -0.0000 0.0000 10.0000
20545.9393 312611.1525 436.1513 300234.116020000 -0.0000 0.0000 10.0000
20545.9255 312611.2312 436.1467 300234.126020000 -0.0000 0.0000 10.0000
20545.9116 312611.3098 436.1421 300234.136020000 -0.0000 0.0000 10.0000
20545.8977 312611.3885 436.1376 300234.146020000 -0.0000 0.0000 10.0000
20545.8838 312611.4672 436.1330 300234.156020000 -0.0000 0.0000 10.0000
20545.8700 312611.5458 436.1284 300234.166020000 -0.0000 0.0000 10.0000
20545.8561 312611.6245 436.1238 300234.176020000 -0.0000 0.0000 10.0000
20545.8422 312611.7031 436.1192 300234.186020000 -0.0000 0.0000 10.0000
20545.8284 312611.7818 436.1146 300234.196020000 -0.0000 0.0000 10.0000
20545.8145 312611.8604 436.1100 300234.206020000 -0.0000 0.0000 10.0000
20545.8006 312611.9391 436.1054 300234.216020000 -0.0000 0.0000 10.0000
20545.7868 312612.0177 436.1008 300234.226020000 -0.0000 0.0000 10.0000
20545.7729 312612.0964 436.0962 300234.236020000 -0.0000 0.0000 10.0000
20545.7590 312612.1751 436.0917 300234.246020000 -0.0000 0.0000 10.0000
20545.7452 312612.2537 436.0871 300234.256020000 -0.0000 0.0000 10.0000
20545.7313 312612.3324 436.0825 300234.266020000 -0.0000 0.0000 10.0000
20545.7174 312612.4110 436.0779 300234.276020000 -0.0000 0.0000 10.0000
20545.7036 312612.4897 436.0733 300234.286020000 -0.0000 0.0000 10.0000
20545.6897 312612.5683 436.0687 300234.296020000 -0.0000 0.0000 10.0000
20545.6758 312612.6470 436.0641 300234.306020000 -0.0000 0.0000 10.0000
20545.6619 312612.7256 436.0595 300234.316020000 -0.0000 0.0000 10.0000
20545.6481 312612.8043 436.0549 300234.326020000 -0.0000 0.0000 10.0000
20545.6342 312612.8829 436.0503 300234.336020000 -0.0000 0.0000 10.0000
20545.6203 312612.9616 436.0458 300234.346020000 -0.0000 0.0000 10.0000
20545.6065 312613.0403 436.0412 300234.356020000 -0.0000 0.0000 10.0000
20545.5926 312613.1189 436.0366 300234.366020000 -0.0000 0.0000 10.0000
20545.5787 312613.1976 436.0320 300234.376020000 -0.0000 0.0000 10.0000
20545.5649 312613.2762 436.0274 300234.386020000 -0.0000 0.0000 10.0000
20545.5510 312613.3549 436.0228 300234.396020000 -0.0000 0.0000 10.0000
20545.5371 312613.4335 436.0182 300234.406020000 -0.0000 0.0000 10.0000
20545.5233 312613.5122 436.0136 300234.416020000 -0.0000 0.0000 10.0000
20545.5094 312613.5908 436.0090 300234.426020000 -0.0000 0.0000 10.0000
20545.4955 312613.6695 436.0045 300234.436020000 -0.0000 0.0000 10.0000
20545.4816 312613.7481 435.9999 300234.446020000 -0.0000 0.0000 10.0000
20545.4678 312613.8268 435.9953 300234.456020000 -0.0000 0.0000 10.0000
20545.4539 312613.9055 435.9907 300234.466020000 -0.0000 0.0000 10.0000
20545.4400 312613.9841 435.9861 300234.476020000 -0.0000 0.0000 10.0000
20545.4262 312614.0628 435.9815 300234.486020000 -0.0000 0.0000 10.0000
20545.4123 312614.1414 435.9769 300234.496020000 -0.0000 0.0000 10.0000
20545.3984 312614.2201 435.9723 300234.506020000 -0.0000 0.0000 10.0000
20545.3846 312614.2987 435.9677 300234.516020000 -0.0000 0.0000 10.0000
20545.3707 312614.3774 435.9631 300234.526020000 -0.0000 0.0000 10.0000
20545.3568 312614.4560 435.9586 300234.536020000 -0.0000 0.0000 10.0000
20545.3430 312614.5347 435.9540 300234.546020000 -0.0000 0.0000 10.0000
20545.3291 312614.6134 435.9494 300234.556020000 -0.0000 0.0000 10.0000
20545.3152 312614.6920 435.9448 300234.566020000 -0.0000 0.0000 10.0000
20545.3014 312614.7707 435.9402 300234.576020000 -0.0000 0.0000 10.0000
20545.2875 312614.8493 435.9356 300234.586020000 -0.0000 0.0000 10.0000
20545.2736 312614.9280 435.9310 300234.596020000 -0.0000 0.0000 10.0000
20545.2597 312615.0066 435.9264 300234.606020000 -0.0000 0.0000 10.0000
20545.2459 312615.0853 435.9218 300234.616020000 -0.0000 0.0000 10.0000
20545.2320 312615.1639 435.9172 300234.626020000 -0.0000 0.0000 10.0000
20545.2181 312615.2426 435.9127 300234.636020000 -0.0000 0.0000 10.0000
20545.2043 312615.3212 435.9081 300234.646020000 -0.0000 0.0000 10.0000
20545.1904 312615.3999 435.9035 300234.656020000 -0.0000 0.0000 10.0000
20545.1765 312615.4786 435.8989 300234.666020000 -0.0000 0.0000 10.0000
20545.1627 312615.5572 435.8943 300234.676020000 -0.0000 0.0000 10.0000
20545.1488 312615.6359 435.8897 300234.686020000 -0.0000 0.0000 10.0000
20545.1349 312615.7145 435.8851 300234.696020000 -0.0000 0.0000 10.0000
20545.1211 312615.7932 435.8805 300234.706020000 -0.0000 0.0000 10.0000
20545.1072 312615.8718 435.8759 300234.716020000 -0.0000 0.0000 10.0000
20545.0933 312615.9505 435.8713 300234.726020000 -0.0000 0.0000 10.0000
20545.0794 312616.0291 435.8668 300234.736020000 -0.0000 0.0000 10.0000
20545.0656 312616.1078 435.8622 300234.746020000 -0.0000 0.0000 10.0000
20545.0517 312616.1864 435.8576 300234.756020000 -0.0000 0.0000 10.0000
20545.0378 312616.2651 435.8530 300234.766020000 -0.0000 0.0000 10.0000
20545.0240 312616.3438 435.8484 300234.776020000 -0.0000 0.0000 10.0000
20545.0101 312616.4224 435.8438 300234.786020000 -0.0000 0.0000 10.0000
20544.9962 312616.5011 435.8392 300234.796020000 -0.0000 0.0000 10.0000
20544.9824 312616.5797 435.8346 300234.806020000 -0.0000 0.0000 10.0000
20544.9685 312616.6584 435.8300 300234.816020000 -0.0000 0.0000 10.0000
20544.9546 312616.7370 435.8254 300234.826020000 -0.0000 0.0000 10.0000
20544.9408 312616.8157 435.8209 300234.836020000 -0.0000 0.0000 10.0000
20544.9269 312616.8943 435.8163 300234.846020000 -0.0000 0.0000 10.0000
20544.9130 312616.9730 435.8117 300234.856020000 -0.0000 0.0000 10.0000
20544.8992 312617.0517 435.8071 300234.866020000 -0.0000 0.0000 10.0000
20544.8853 312617.1303 435.8025 300234.876020000 -0.0000 0.0000 10.0000
20544.8714 312617.2090 435.7979 300234.886020000 -0.0000 0.0000 10.0000
20544.8575 312617.2876 435.7933 300234.896020000 -0.0000 0.0000 10.0000
20544.8437 312617.3663 435.7887 300234.906020000 -0.0000 0.0000 10.0000
20544.8298 312617.4449 435.7841 300234.916020000 -0.0000 0.0000 10.0000
20544.8159 312617.5236 435.7796 300234.926020000 -0.0000 0.0000 10.0000
20544.8021 312617.6022 435.7750 300234.936020000 -0.0000 0.0000 10.0000
20544.7882 312617.6809 435.7704 300234.946020000 -0.0000 0.0000 10.0000
20544.7743 312617.7595 435.7658 300234.956020000 -0.0000 0.0000 10.0000
20544.7605 312617.8382 435.7612 300234.966020000 -0.0000 0.0000 10.0000
20544.7466 312617.9169 435.7566 300234.976020000 -0.0000 0.0000 10.0000
20544.7327 312617.9955 435.7520 300234.986020000 -0.0000 0.0000 10.0000
20544.7189 312618.0742 435.7474 300234.996020000 -0.0000 0.0000 10.0000
20544.7050 312618.1528 435.7428 300235.006020000 -0.0000 0.0000 10.0000
20544.6911 312618.2315 435.7382 300235.016020000 -0.0000 0.0000 10.0000
20544.6772 312618.3101 435.7337 300235.026020000 -0.0000 0.0000 10.0000
20544.6634 312618.3888 435.7291 300235.036020000 -0.0000 0.0000 10.0000
20544.6495 312618.4674 435.7245 300235.046020000 -0.0000 0.0000 10.0000
20544.6356 312618.5461 435.7199 300235.056020000 -0.0000 0.0000 10.0000
20544.6218 312618.6247 435.7153 300235.066020000 -0.0000 0.0000 10.0000
20544.6079 312618.7034 435.7107 300235.076020000 -0.0000 0.0000 10.0000
20544.5940 312618.7821 435.7061 300235.086020000 -0.0000 0.0000 10.0000
20544.5802 312618.8607 435.7015 300235.096020000 -0.0000 0.0000 10.0000
20544.5663 312618.9394 435.6969 300235.106020000 -0.0000 0.0000 10.0000
20544.5524 312619.0180 435.6923 300235.116020000 -0.0000 0.0000 10.0000
20544.5386 312619.0967 435.6878 300235.126020000 -0.0000 0.0000 10.0000
20544.5247 312619.1753 435.6832 300235.136020000 -0.0000 0.0000 10.0000
20544.5108 312619.2540 435.6786 300235.146020000 -0.0000 0.0000 10.0000
20544.4970 312619.3326 435.6740 300235.156020000 -0.0000 0.0000 10.0000
20544.4831 312619.4113 435.6694 300235.166020000 -0.0000 0.0000 10.0000
20544.4692 312619.4900 435.6648 300235.176020000 -0.0000 0.0000 10.0000
20544.4553 312619.5686 435.6602 300235.186020000 -0.0000 0.0000 10.0000
20544.4415 312619.6473 435.6556 300235.196020000 -0.0000 0.0000 10.0000
20544.4276 312619.7259 435.6510 300235.206020000 -0.0000 0.0000 10.0000
20544.4137 312619.8046 435.6464 300235.216020000 -0.0000 0.0000 10.0000
20544.3999 312619.8832 435.6419 300235.226020000 -0.0000 0.0000 10.0000
20544.3860 312619.9619 435.6373 300235.236020000 -0.0000 0.0000 10.0000
20544.3721 312620.0405 435.6327 300235.246020000 -0.0000 0.0000 10.0000
20544.3583 312620.1192 435.6281 300235.256020000 -0.0000 0.0000 10.0000
20544.3444 312620.1978 435.6235 300235.266020000 -0.0000 0.0000 10.0000
20544.3305 312620.2765 435.6189 300235.276020000 -0.0000 0.0000 10.0000
20544.3167 312620.3552 435.6143 300235.286020000 -0.0000 0.0000 10.0000
20544.3028 312620.4338 435.6097 300235.296020000 -0.0000 0.0000 10.0000
20544.2889 312620.5125 435.6051 300235.306020000 -0.0000 0.0000 10.0000
20544.2750 312620.5911 435.6006 300235.316020000 -0.0000 0.0000 10.0000
20544.2612 312620.6698 435.5960 300235.326020000 -0.0000 0.0000 10.0000
20544.2473 312620.7484 435.5914 300235.336020000 -0.0000 0.0000 10.0000
20544.2334 312620.8271 435.5868 300235.346020000 -0.0000 0.0000 10.0000
20544.2196 312620.9057 435.5822 300235.356020000 -0.0000 0.0000 10.0000
20544.2057 312620.9844 435.5776 300235.366020000 -0.0000 0.0000 10.0000
20544.1918 312621.0630 435.5730 300235.376020000 -0.0000 0.0000 10.0000
20544.1780 312621.1417 435.5684 300235.386020000 -0.0000 0.0000 10.0000
20544.1641 312621.2204 435.5638 300235.396020000 -0.0000 0.0000 10.0000
20544.1502 312621.2990 435.5592 300235.406020000 -0.0000 0.0000 10.0000
20544.1364 312621.3777 435.5547 300235.416020000 -0.0000 0.0000 10.0000
20544.1225 312621.4563 435.5501 300235.426020000 -0.0000 0.0000 10.0000
20544.1086 312621.5350 435.5455 300235.436020000 -0.0000 0.0000 10.0000
20544.0948 312621.6136 435.5409 300235.446020000 -0.0000 0.0000 10.0000
20544.0809 312621.6923 435.5363 300235.456020000 -0.0000 0.0000 10.0000
20544.0670 312621.7709 435.5317 300235.466020000 -0.0000 0.0000 10.0000
20544.0531 312621.8496 435.5271 300235.476020000 -0.0000 0.0000 10.0000
20544.0393 312621.9283 435.5225 300235.486020000 -0.0000 0.0000 10.0000
20544.0254 312622.0069 435.5179 300235.496020000 -0.0000 0.0000 10.0000
20544.0115 312622.0856 435.5133 300235.506020000 -0.0000 0.0000 10.0000
20543.9977 312622.1642 435.5088 300235.516020000 -0.0000 0.0000 10.0000
20543.9838 312622.2429 435.5042 300235.526020000 -0.0000 0.0000 10.0000
20543.9699 312622.3215 435.4996 300235.536020000 -0.0000 0.0000 10.0000
20543.9561 312622.4002 435.4950 300235.546020000 -0.0000 0.0000 10.0000
20543.9422 312622.4788 435.4904 300235.556020000 -0.0000 0.0000 10.0000
20543.9283 312622.5575 435.4858 300235.566020000 -0.0000 0.0000 10.0000
20543.9145 312622.6361 435.4812 300235.576020000 -0.0000 0.0000 10.0000
20543.9006 312622.7148 435.4766 300235.586020000 -0.0000 0.0000 10.0000
20543.8867 312622.7935 435.4720 300235.596020000 -0.0000 0.0000 10.0000
20543.8728 312622.8721 435.4674 300235.606020000 -0.0000 0.0000 10.0000
20543.8590 312622.9508 435.4629 300235.616020000 -0.0000 0.0000 10.0000
20543.8451 312623.0294 435.4583 300235.626020000 -0.0000 0.0000 10.0000
20543.8312 312623.1081 435.4537 300235.636020000 -0.0000 0.0000 10.0000
20543.8174 312623.1867 435.4491 300235.646020000 -0.0000 0.0000 10.0000
20543.8035 312623.2654 435.4445 300235.656020000 -0.0000 0.0000 10.0000
20543.7896 312623.3440 435.4399 300235.666020000 -0.0000 0.0000 10.0000
20543.7758 312623.4227 435.4353 300235.676020000 -0.0000 0.0000 10.0000
20543.7619 312623.5013 435.4307 300235.686020000 -0.0000 0.0000 10.0000
20543.7480 312623.5800 435.4261 300235.696020000 -0.0000 0.0000 10.0000
20543.7342 312623.6587 435.4216 300235.706020000 -0.0000 0.0000 10.0000
20543.7203 312623.7373 435.4170 300235.716020000 -0.0000 0.0000 10.0000
20543.7064 312623.8160 435.4124 300235.726020000 -0.0000 0.0000 10.0000
20543.6926 312623.8946 435.4078 300235.736020000 -0.0000 0.0000 10.0000
20543.6787 312623.9733 435.4032 300235.746020000 -0.0000 0.0000 10.0000
20543.6648 312624.0519 435.3986 300235.756020000 -0.0000 0.0000 10.0000
20543.6509 312624.1306 435.3940 300235.766020000 -0.0000 0.0000 10.0000
20543.6371 312624.2092 435.3894 300235.776020000 -0.0000 0.0000 10.0000
20543.6232 312624.2879 435.3848 300235.786020000 -0.0000 0.0000 10.0000
20543.6093 312624.3666 435.3802 300235.796020000 -0.0000 0.0000 10.0000
20543.5955 312624.4452 435.3757 300235.806020000 -0.0000 0.0000 10.0000
20543.5816 312624.5239 435.3711 300235.816020000 -0.0000 0.0000 10.0000
20543.5677 312624.6025 435.3665 300235.826020000 -0.0000 0.0000 10.0000
20543.5539 312624.6812 435.3619 300235.836020000 -0.0000 0.0000 10.0000
20543.5400 312624.7598 435.3573 300235.846020000 -0.0000 0.0000 10.0000
20543.5261 312624.8385 435.3527 300235.856020000 -0.0000 0.0000 10.0000
20543.5123 312624.9171 435.3481 300235.866020000 -0.0000 0.0000 10.0000
20543.4984 312624.9958 435.3435 300235.876020000 -0.0000 0.0000 10.0000
20543.4845 312625.0744 435.3389 300235.886020000 -0.0000 0.0000 10.0000
20543.4706 312625.1531 435.3343 300235.896020000 -0.0000 0.0000 10.0000
20543.4568 312625.2318 435.3298 300235.906020000 -0.0000 0.0000 10.0000
20543.4429 312625.3104 435.3252 300235.916020000 -0.0000 0.0000 10.0000
20543.4290 312625.3891 435.3206 300235.926020000 -0.0000 0.0000 10.0000
20543.4152 312625.4677 435.3160 300235.936020000 -0.0000 0.0000 10.0000
20543.4013 312625.5464 435.3114 300235.946020000 -0.0000 0.0000 10.0000
20543.3874 312625.6250 435.3068 300235.956020000 -0.0000 0.0000 10.0000
20543.3736 312625.7037 435.3022 300235.966020000 -0.0000 0.0000 10.0000
20543.3597 312625.7823 435.2976 300235.976020000 -0.0000 0.0000 10.0000
20543.3458 312625.8610 435.2930 300235.986020000 -0.0000 0.0000 10.0000
20543.3320 312625.9396 435.2884 300235.996020000 -0.0000 0.0000 10.0000
20543.3181 312626.0183 435.2839 300236.006020000 -0.0000 0.0000 10.0000
20543.3042 312626.0970 435.2793 300236.016020000 -0.0000 0.0000 10.0000
20543.2904 312626.1756 435.2747 300236.026020000 -0.0000 0.0000 10.0000
20543.2765 312626.2543 435.2701 300236.036020000 -0.0000 0.0000 10.0000
20543.2626 312626.3329 435.2655 300236.046020000 -0.0000 0.0000 10.0000
20543.2487 312626.4116 435.2609 300236.056020000 -0.0000 0.0000 10.0000
20543.2349 312626.4902 435.2563 300236.066020000 -0.0000 0.0000 10.0000
20543.2210 312626.5689 435.2517 300236.076020000 -0.0000 0.0000 10.0000
20543.2071 312626.6475 435.2471 300236.086020000 -0.0000 0.0000 10.0000
20543.1933 312626.7262 435.2426 300236.096020000 -0.0000 0.0000 10.0000
20543.1794 312626.8049 435.2380 300236.106020000 -0.0000 0.0000 10.0000
20543.1655 312626.8835 435.2334 300236.116020000 -0.0000 0.0000 10.0000
20543.1517 312626.9622 435.2288 300236.126020000 -0.0000 0.0000 10.0000
20543.1378 312627.0408 435.2242 300236.136020000 -0.0000 0.0000 10.0000
20543.1239 312627.1195 435.2196 300236.146020000 -0.0000 0.0000 10.0000
20543.1101 312627.1981 435.2150 300236.156020000 -0.0000 0.0000 10.0000
20543.0962 312627.2768 435.2104 300236.166020000 -0.0000 0.0000 10.0000
20543.0823 312627.3554 435.2058 300236.176020000 -0.0000 0.0000 10.0000
20543.0684 312627.4341 435.2012 300236.186020000 -0.0000 0.0000 10.0000
20543.0546 312627.5127 435.1967 300236.196020000 -0.0000 0.0000 10.0000
20543.0407 312627.5914 435.1921 300236.206020000 -0.0000 0.0000 10.0000
20543.0268 312627.6701 435.1875 300236.216020000 -0.0000 0.0000 10.0000
20543.0130 312627.7487 435.1829 300236.226020000 -0.0000 0.0000 10.0000
20542.9991 312627.8274 435.1783 300236.236020000 -0.0000 0.0000 10.0000
20542.9852 312627.9060 435.1737 300236.246020000 -0.0000 0.0000 10.0000
20542.9714 312627.9847 435.1691 300236.256020000 -0.0000 0.0000 10.0000
20542.9575 312628.0633 435.1645 300236.266020000 -0.0000 0.0000 10.0000
20542.9436 312628.1420 435.1599 300236.276020000 -0.0000 0.0000 10.0000
20542.9298 312628.2206 435.1553 300236.286020000 -0.0000 0.0000 10.0000
20542.9159 312628.2993 435.1508 300236.296020000 -0.0000 0.0000 10.0000
20542.9020 312628.3779 435.1462 300236.306020000 -0.0000 0.0000 10.0000
20542.8882 312628.4566 435.1416 300236.316020000 -0.0000 0.0000 10.0000
20542.8743 312628.5353 435.1370 300236.326020000 -0.0000 0.0000 10.0000
20542.8604 312628.6139 435.1324 300236.336020000 -0.0000 0.0000 10.0000
20542.8465 312628.6926 435.1278 300236.346020000 -0.0000 0.0000 10.0000
20542.8327 312628.7712 435.1232 300236.356020000 -0.0000 0.0000 10.0000
20542.8188 312628.8499 435.1186 300236.366020000 -0.0000 0.0000 10.0000
20542.8049 312628.9285 435.1140 300236.376020000 -0.0000 0.0000 10.0000
20542.7911 312629.0072 435.1094 300236.386020000 -0.0000 0.0000 10.0000
20542.7772 312629.0858 435.1049 300236.396020000 -0.0000 0.0000 10.0000
20542.7633 312629.1645 435.1003 300236.406020000 -0.0000 0.0000 10.0000
20542.7495 312629.2432 435.0957 300236.416020000 -0.0000 0.0000 10.0000
20542.7356 312629.3218 435.0911 300236.426020000 -0.0000 0.0000 10.0000
20542.7217 312629.4005 435.0865 300236.436020000 -0.0000 0.0000 10.0000
20542.7079 312629.4791 435.0819 300236.446020000 -0.0000 0.0000 10.0000
20542.6940 312629.5578 435.0773 300236.456020000 -0.0000 0.0000 10.0000
20542.6801 312629.6364 435.0727 300236.466020000 -0.0000 0.0000 10.0000
20542.6662 312629.7151 435.0681 300236.476020000 -0.0000 0.0000 10.0000
20542.6524 312629.7937 435.0635 300236.486020000 -0.0000 0.0000 10.0000
20542.6385 312629.8724 435.0590 300236.496020000 -0.0000 0.0000 10.0000
20542.6246 312629.9510 435.0544 300236.506020000 -0.0000 0.0000 10.0000
20542.6108 312630.0297 435.0498 300236.516020000 -0.0000 0.0000 10.0000
20542.5969 312630.1084 435.0452 300236.526020000 -0.0000 0.0000 10.0000
20542.5830 312630.1870 435.0406 300236.536020000 -0.0000 0.0000 10.0000
20542.5692 312630.2657 435.0360 300236.546020000 -0.0000 0.0000 10.0000
20542.5553 312630.3443 435.0314 300236.556020000 -0.0000 0.0000 10.0000
20542.5414 312630.4230 435.0268 300236.566020000 -0.0000 0.0000 10.0000
20542.5276 312630.5016 435.0222 300236.576020000 -0.0000 0.0000 10.0000
20542.5137 312630.5803 435.0177 300236.586020000 -0.0000 0.0000 10.0000
20542.4998 312630.6589 435.0131 300236.596020000 -0.0000 0.0000 10.0000
20542.4860 312630.7376 435.0085 300236.606020000 -0.0000 0.0000 10.0000
20542.4721 312630.8163 435.0039 300236.616020000 -0.0000 0.0000 10.0000
20542.4582 312630.8949 434.9993 300236.626020000 -0.0000 0.0000 10.0000
20542.4443 312630.9736 434.9947 300236.636020000 -0.0000 0.0000 10.0000
20542.4305 312631.0522 434.9901 300236.646020000 -0.0000 0.0000 10.0000
20542.4166 312631.1309 434.9855 300236.656020000 -0.0000 0.0000 10.0000
20542.4027 312631.2095 434.9809 300236.666020000 -0.0000 0.0000 10.0000
20542.3889 312631.2882 434.9763 300236.676020000 -0.0000 0.0000 10.0000
20542.3750 312631.3668 434.9718 300236.686020000 -0.0000 0.0000 10.0000
20542.3611 312631.4455 434.9672 300236.696020000 -0.0000 0.0000 10.0000
20542.3473 312631.5241 434.9626 300236.706020000 -0.0000 0.0000 10.0000
20542.3334 312631.6028 434.9580 300236.716020000 -0.0000 0.0000 10.0000
20542.3195 312631.6815 434.9534 300236.726020000 -0.0000 0.0000 10.0000
20542.3057 312631.7601 434.9488 300236.736020000 -0.0000 0.0000 10.0000
20542.2918 312631.8388 434.9442 300236.746020000 -0.0000 0.0000 10.0000
20542.2779 312631.9174 434.9396 300236.756020000 -0.0000 0.0000 10.0000
20542.2640 312631.9961 434.9350 300236.766020000 -0.0000 0.0000 10.0000
20542.2502 312632.0747 434.9304 300236.776020000 -0.0000 0.0000 10.0000
20542.2363 312632.1534 434.9259 300236.786020000 -0.0000 0.0000 10.0000
20542.2224 312632.2320 434.9213 300236.796020000 -0.0000 0.0000 10.0000
20542.2086 312632.3107 434.9167 300236.806020000 -0.0000 0.0000 10.0000
20542.1947 312632.3893 434.9121 300236.816020000 -0.0000 0.0000 10.0000
20542.1808 312632.4680 434.9075 300236.826020000 -0.0000 0.0000 10.0000
20542.1670 312632.5467 434.9029 300236.836020000 -0.0000 0.0000 10.0000
20542.1531 312632.6253 434.8983 300236.846020000 -0.0000 0.0000 10.0000
20542.1392 312632.7040 434.8937 300236.856020000 -0.0000 0.0000 10.0000
20542.1254 312632.7826 434.8891 300236.866020000 -0.0000 0.0000 10.0000
20542.1115 312632.8613 434.8845 300236.876020000 -0.0000 0.0000 10.0000
20542.0976 312632.9399 434.8800 300236.886020000 -0.0000 0.0000 10.0000
20542.0837 312633.0186 434.8754 300236.896020000 -0.0000 0.0000 10.0000
20542.0699 312633.0972 434.8708 300236.906020000 -0.0000 0.0000 10.0000
20542.0560 312633.1759 434.8662 300236.916020000 -0.0000 0.0000 10.0000
20542.0421 312633.2546 434.8616 300236.926020000 -0.0000 0.0000 10.0000
20542.0283 312633.3332 434.8570 300236.936020000 -0.0000 0.0000 10.0000
20542.0144 312633.4119 434.8524 300236.946020000 -0.0000 0.0000 10.0000
20542.0005 312633.4905 434.8478 300236.956020000 -0.0000 0.0000 10.0000
20541.9867 312633.5692 434.8432 300236.966020000 -0.0000 0.0000 10.0000
20541.9728 312633.6478 434.8387 300236.976020000 -0.0000 0.0000 10.0000
20541.9589 312633.7265 434.8341 300236.986020000 -0.0000 0.0000 10.0000
20541.9451 312633.8051 434.8295 300236.996020000 -0.0000 0.0000 10.0000
20541.9312 312633.8838 434.8249 300237.006020000 -0.0000 0.0000 10.0000
20541.9173 312633.9624 434.8203 300237.016020000 -0.0000 0.0000 10.0000
20541.9035 312634.0411 434.8157 300237.026020000 -0.0000 0.0000 10.0000
20541.8896 312634.1198 434.8111 300237.036020000 -0.0000 0.0000 10.0000
20541.8757 312634.1984 434.8065 300237.046020000 -0.0000 0.0000 10.0000
20541.8618 312634.2771 434.8019 300237.056020000 -0.0000 0.0000 10.0000
20541.8480 312634.3557 434.7973 300237.066020000 -0.0000 0.0000 10.0000
20541.8341 312634.4344 434.7928 300237.076020000 -0.0000 0.0000 10.0000
20541.8202 312634.5130 434.7882 300237.086020000 -0.0000 0.0000 10.0000
20541.8064 312634.5917 434.7836 300237.096020000 -0.0000 0.0000 10.0000
20541.7925 312634.6703 434.7790 300237.106020000 -0.0000 0.0000 10.0000
20541.7786 312634.7490 434.7744 300237.116020000 -0.0000 0.0000 10.0000
20541.7648 312634.8276 434.7698 300237.126020000 -0.0000 0.0000 10.0000
20541.7509 312634.9063 434.7652 300237.136020000 -0.0000 0.0000 10.0000
20541.7370 312634.9850 434.7606 300237.146020000 -0.0000 0.0000 10.0000
20541.7232 312635.0636 434.7560 300237.156020000 -0.0000 0.0000 10.0000
20541.7093 312635.1423 434.7514 300237.166020000 -0.0000 0.0000 10.0000
20541.6954 312635.2209 434.7469 300237.176020000 -0.0000 0.0000 10.0000
20541.6815 312635.2996 434.7423 300237.186020000 -0.0000 0.0000 10.0000
20541.6677 312635.3782 434.7377 300237.196020000 -0.0000 0.0000 10.0000
20541.6538 312635.4569 434.7331 300237.206020000 -0.0000 0.0000 10.0000
20541.6399 312635.5355 434.7285 300237.216020000 -0.0000 0.0000 10.0000
20541.6261 312635.6142 434.7239 300237.226020000 -0.0000 0.0000 10.0000
20541.6122 312635.6929 434.7193 300237.236020000 -0.0000 0.0000 10.0000
20541.5983 312635.7715 434.7147 300237.246020000 -0.0000 0.0000 10.0000
20541.5845 312635.8502 434.7101 300237.256020000 -0.0000 0.0000 10.0000
20541.5706 312635.9288 434.7055 300237.266020000 -0.0000 0.0000 10.0000
20541.5567 312636.0075 434.7010 300237.276020000 -0.0000 0.0000 10.0000
20541.5429 312636.0861 434.6964 300237.286020000 -0.0000 0.0000 10.0000
20541.5290 312636.1648 434.6918 300237.296020000 -0.0000 0.0000 10.0000
20541.5151 312636.2434 434.6872 300237.306020000 -0.0000 0.0000 10.0000
20541.5013 312636.3221 434.6826 300237.316020000 -0.0000 0.0000 10.0000
20541.4874 312636.4007 434.6780 300237.326020000 -0.0000 0.0000 10.0000
20541.4735 312636.4794 434.6734 300237.336020000 -0.0000 0.0000 10.0000
20541.4596 312636.5581 434.6688 300237.346020000 -0.0000 0.0000 10.0000
20541.4458 312636.6367 434.6642 300237.356020000 -0.0000 0.0000 10.0000
20541.4319 312636.7154 434.6597 300237.366020000 -0.0000 0.0000 10.0000
20541.4180 312636.7940 434.6551 300237.376020000 -0.0000 0.0000 10.0000
20541.4042 312636.8727 434.6505 300237.386020000 -0.0000 0.0000 10.0000
20541.3903 312636.9513 434.6459 300237.396020000 -0.0000 0.0000 10.0000
20541.3764 312637.0300 434.6413 300237.406020000 -0.0000 0.0000 10.0000
20541.3626 312637.1086 434.6367 300237.416020000 -0.0000 0.0000 10.0000
20541.3487 312637.1873 434.6321 300237.426020000 -0.0000 0.0000 10.0000
20541.3348 312637.2659 434.6275 300237.436020000 -0.0000 0.0000 10.0000
20541.3210 312637.3446 434.6229 300237.446020000 -0.0000 0.0000 10.0000
20541.3071 312637.4233 434.6183 300237.456020000 -0.0000 0.0000 10.0000
20541.2932 312637.5019 434.6138 300237.466020000 -0.0000 0.0000 10.0000
20541.2793 312637.5806 434.6092 300237.476020000 -0.0000 0.0000 10.0000
20541.2655 312637.6592 434.6046 300237.486020000 -0.0000 0.0000 10.0000
20541.2516 312637.7379 434.6000 300237.496020000 -0.0000 0.0000 10.0000
20541.2377 312637.8165 434.5954 300237.506020000 -0.0000 0.0000 10.0000
20541.2239 312637.8952 434.5908 300237.516020000 -0.0000 0.0000 10.0000
20541.2100 312637.9738 434.5862 300237.526020000 -0.0000 0.0000 10.0000
