20271.8142 312438.1619 408.1760 300179.926980000 -0.0000 0.0000 10.0000
20271.8004 312438.2401 408.1662 300179.936980000 -0.0000 0.0000 10.0000
20271.7867 312438.3183 408.1565 300179.946980000 -0.0000 0.0000 10.0000
20271.7729 312438.3965 408.1467 300179.956980000 -0.0000 0.0000 10.0000
20271.7591 312438.4747 408.1369 300179.966980000 -0.0000 0.0000 10.0000
20271.7453 312438.5529 408.1271 300179.976980000 -0.0000 0.0000 10.0000
20271.7315 312438.6311 408.1174 300179.986980000 -0.0000 0.0000 10.0000
20271.7177 312438.7093 408.1076 300179.996980000 -0.0000 0.0000 10.0000
20271.7039 312438.7875 408.0978 300180.006980000 -0.0000 0.0000 10.0000
20271.6901 312438.8656 408.0881 300180.016980000 -0.0000 0.0000 10.0000
20271.6764 312438.9438 408.0783 300180.026980000 -0.0000 0.0000 10.0000
20271.6626 312439.0220 408.0685 300180.036980000 -0.0000 0.0000 10.0000
20271.6488 312439.1002 408.0587 300180.046980000 -0.0000 0.0000 10.0000
20271.6350 312439.1784 408.0490 300180.056980000 -0.0000 0.0000 10.0000
20271.6212 312439.2566 408.0392 300180.066980000 -0.0000 0.0000 10.0000
20271.6074 312439.3348 408.0294 300180.076980000 -0.0000 0.0000 10.0000
20271.5936 312439.4130 408.0196 300180.086980000 -0.0000 0.0000 10.0000
20271.5798 312439.4912 408.0099 300180.096980000 -0.0000 0.0000 10.0000
20271.5660 312439.5694 408.0001 300180.106980000 -0.0000 0.0000 10.0000
20271.5523 312439.6476 407.9903 300180.116980000 -0.0000 0.0000 10.0000
20271.5385 312439.7258 407.9806 300180.126980000 -0.0000 0.0000 10.0000
20271.5247 312439.8040 407.9708 300180.136980000 -0.0000 0.0000 10.0000
20271.5109 312439.8822 407.9610 300180.146980000 -0.0000 0.0000 10.0000
20271.4971 312439.9604 407.9512 300180.156980000 -0.0000 0.0000 10.0000
20271.4833 312440.0386 407.9415 300180.166980000 -0.0000 0.0000 10.0000
20271.4695 312440.1168 407.9317 300180.176980000 -0.0000 0.0000 10.0000
20271.4557 312440.1950 407.9219 300180.186980000 -0.0000 0.0000 10.0000
20271.4420 312440.2732 407.9122 300180.196980000 -0.0000 0.0000 10.0000
20271.4282 312440.3513 407.9024 300180.206980000 -0.0000 0.0000 10.0000
20271.4144 312440.4295 407.8926 300180.216980000 -0.0000 0.0000 10.0000
20271.4006 312440.5077 407.8828 300180.226980000 -0.0000 0.0000 10.0000
20271.3868 312440.5859 407.8731 300180.236980000 -0.0000 0.0000 10.0000
20271.3730 312440.6641 407.8633 300180.246980000 -0.0000 0.0000 10.0000
20271.3592 312440.7423 407.8535 300180.256980000 -0.0000 0.0000 10.0000
20271.3454 312440.8205 407.8438 300180.266980000 -0.0000 0.0000 10.0000
20271.3317 312440.8987 407.8340 300180.276980000 -0.0000 0.0000 10.0000
20271.3179 312440.9769 407.8242 300180.286980000 -0.0000 0.0000 10.0000
20271.3041 312441.0551 407.8144 300180.296980000 -0.0000 0.0000 10.0000
20271.2903 312441.1333 407.8047 300180.306980000 -0.0000 0.0000 10.0000
20271.2765 312441.2115 407.7949 300180.316980000 -0.0000 0.0000 10.0000
20271.2627 312441.2897 407.7851 300180.326980000 -0.0000 0.0000 10.0000
20271.2489 312441.3679 407.7754 300180.336980000 -0.0000 0.0000 10.0000
20271.2351 312441.4461 407.7656 300180.346980000 -0.0000 0.0000 10.0000
20271.2214 312441.5243 407.7558 300180.356980000 -0.0000 0.0000 10.0000
20271.2076 312441.6025 407.7460 300180.366980000 -0.0000 0.0000 10.0000
20271.1938 312441.6807 407.7363 300180.376980000 -0.0000 0.0000 10.0000
20271.1800 312441.7589 407.7265 300180.386980000 -0.0000 0.0000 10.0000
20271.1662 312441.8370 407.7167 300180.396980000 -0.0000 0.0000 10.0000
20271.1524 312441.9152 407.7070 300180.406980000 -0.0000 0.0000 10.0000
20271.1386 312441.9934 407.6972 300180.416980000 -0.0000 0.0000 10.0000
20271.1248 312442.0716 407.6874 300180.426980000 -0.0000 0.0000 10.0000
20271.1111 312442.1498 407.6776 300180.436980000 -0.0000 0.0000 10.0000
20271.0973 312442.2280 407.6679 300180.446980000 -0.0000 0.0000 10.0000
20271.0835 312442.3062 407.6581 300180.456980000 -0.0000 0.0000 10.0000
20271.0697 312442.3844 407.6483 300180.466980000 -0.0000 0.0000 10.0000
20271.0559 312442.4626 407.6386 300180.476980000 -0.0000 0.0000 10.0000
20271.0421 312442.5408 407.6288 300180.486980000 -0.0000 0.0000 10.0000
20271.0283 312442.6190 407.6190 300180.496980000 -0.0000 0.0000 10.0000
20271.0145 312442.6972 407.6092 300180.506980000 -0.0000 0.0000 10.0000
20271.0007 312442.7754 407.5995 300180.516980000 -0.0000 0.0000 10.0000
20270.9870 312442.8536 407.5897 300180.526980000 -0.0000 0.0000 10.0000
20270.9732 312442.9318 407.5799 300180.536980000 -0.0000 0.0000 10.0000
20270.9594 312443.0100 407.5702 300180.546980000 -0.0000 0.0000 10.0000
20270.9456 312443.0882 407.5604 300180.556980000 -0.0000 0.0000 10.0000
20270.9318 312443.1664 407.5506 300180.566980000 -0.0000 0.0000 10.0000
20270.9180 312443.2446 407.5408 300180.576980000 -0.0000 0.0000 10.0000
20270.9042 312443.3227 407.5311 300180.586980000 -0.0000 0.0000 10.0000
20270.8904 312443.4009 407.5213 300180.596980000 -0.0000 0.0000 10.0000
20270.8767 312443.4791 407.5115 300180.606980000 -0.0000 0.0000 10.0000
20270.8629 312443.5573 407.5018 300180.616980000 -0.0000 0.0000 10.0000
20270.8491 312443.6355 407.4920 300180.626980000 -0.0000 0.0000 10.0000
20270.8353 312443.7137 407.4822 300180.636980000 -0.0000 0.0000 10.0000
20270.8215 312443.7919 407.4724 300180.646980000 -0.0000 0.0000 10.0000
20270.8077 312443.8701 407.4627 300180.656980000 -0.0000 0.0000 10.0000
20270.7939 312443.9483 407.4529 300180.666980000 -0.0000 0.0000 10.0000
20270.7801 312444.0265 407.4431 300180.676980000 -0.0000 0.0000 10.0000
20270.7664 312444.1047 407.4334 300180.686980000 -0.0000 0.0000 10.0000
20270.7526 312444.1829 407.4236 300180.696980000 -0.0000 0.0000 10.0000
20270.7388 312444.2611 407.4138 300180.706980000 -0.0000 0.0000 10.0000
20270.7250 312444.3393 407.4040 300180.716980000 -0.0000 0.0000 10.0000
20270.7112 312444.4175 407.3943 300180.726980000 -0.0000 0.0000 10.0000
20270.6974 312444.4957 407.3845 300180.736980000 -0.0000 0.0000 10.0000
20270.6836 312444.5739 407.3747 300180.746980000 -0.0000 0.0000 10.0000
20270.6698 312444.6521 407.3650 300180.756980000 -0.0000 0.0000 10.0000
20270.6561 312444.7303 407.3552 300180.766980000 -0.0000 0.0000 10.0000
20270.6423 312444.8084 407.3454 300180.776980000 -0.0000 0.0000 10.0000
20270.6285 312444.8866 407.3356 300180.786980000 -0.0000 0.0000 10.0000
20270.6147 312444.9648 407.3259 300180.796980000 -0.0000 0.0000 10.0000
20270.6009 312445.0430 407.3161 300180.806980000 -0.0000 0.0000 10.0000
20270.5871 312445.1212 407.3063 300180.816980000 -0.0000 0.0000 10.0000
20270.5733 312445.1994 407.2965 300180.826980000 -0.0000 0.0000 10.0000
20270.5595 312445.2776 407.2868 300180.836980000 -0.0000 0.0000 10.0000
20270.5458 312445.3558 407.2770 300180.846980000 -0.0000 0.0000 10.0000
20270.5320 312445.4340 407.2672 300180.856980000 -0.0000 0.0000 10.0000
20270.5182 312445.5122 407.2575 300180.866980000 -0.0000 0.0000 10.0000
20270.5044 312445.5904 407.2477 300180.876980000 -0.0000 0.0000 10.0000
20270.4906 312445.6686 407.2379 300180.886980000 -0.0000 0.0000 10.0000
20270.4768 312445.7468 407.2281 300180.896980000 -0.0000 0.0000 10.0000
20270.4630 312445.8250 407.2184 300180.906980000 -0.0000 0.0000 10.0000
20270.4492 312445.9032 407.2086 300180.916980000 -0.0000 0.0000 10.0000
20270.4354 312445.9814 407.1988 300180.926980000 -0.0000 0.0000 10.0000
20270.4217 312446.0596 407.1891 300180.936980000 -0.0000 0.0000 10.0000
20270.4079 312446.1378 407.1793 300180.946980000 -0.0000 0.0000 10.0000
20270.3941 312446.2160 407.1695 300180.956980000 -0.0000 0.0000 10.0000
20270.3803 312446.2941 407.1597 300180.966980000 -0.0000 0.0000 10.0000
20270.3665 312446.3723 407.1500 300180.976980000 -0.0000 0.0000 10.0000
20270.3527 312446.4505 407.1402 300180.986980000 -0.0000 0.0000 10.0000
20270.3389 312446.5287 407.1304 300180.996980000 -0.0000 0.0000 10.0000
20270.3251 312446.6069 407.1207 300181.006980000 -0.0000 0.0000 10.0000
20270.3114 312446.6851 407.1109 300181.016980000 -0.0000 0.0000 10.0000
20270.2976 312446.7633 407.1011 300181.026980000 -0.0000 0.0000 10.0000
20270.2838 312446.8415 407.0913 300181.036980000 -0.0000 0.0000 10.0000
20270.2700 312446.9197 407.0816 300181.046980000 -0.0000 0.0000 10.0000
20270.2562 312446.9979 407.0718 300181.056980000 -0.0000 0.0000 10.0000
20270.2424 312447.0761 407.0620 300181.066980000 -0.0000 0.0000 10.0000
20270.2286 312447.1543 407.0523 300181.076980000 -0.0000 0.0000 10.0000
20270.2148 312447.2325 407.0425 300181.086980000 -0.0000 0.0000 10.0000
20270.2011 312447.3107 407.0327 300181.096980000 -0.0000 0.0000 10.0000
20270.1873 312447.3889 407.0229 300181.106980000 -0.0000 0.0000 10.0000
20270.1735 312447.4671 407.0132 300181.116980000 -0.0000 0.0000 10.0000
20270.1597 312447.5453 407.0034 300181.126980000 -0.0000 0.0000 10.0000
20270.1459 312447.6235 406.9936 300181.136980000 -0.0000 0.0000 10.0000
20270.1321 312447.7017 406.9839 300181.146980000 -0.0000 0.0000 10.0000
20270.1183 312447.7798 406.9741 300181.156980000 -0.0000 0.0000 10.0000
20270.1045 312447.8580 406.9643 300181.166980000 -0.0000 0.0000 10.0000
20270.0908 312447.9362 406.9545 300181.176980000 -0.0000 0.0000 10.0000
20270.0770 312448.0144 406.9448 300181.186980000 -0.0000 0.0000 10.0000
20270.0632 312448.0926 406.9350 300181.196980000 -0.0000 0.0000 10.0000
20270.0494 312448.1708 406.9252 300181.206980000 -0.0000 0.0000 10.0000
20270.0356 312448.2490 406.9155 300181.216980000 -0.0000 0.0000 10.0000
20270.0218 312448.3272 406.9057 300181.226980000 -0.0000 0.0000 10.0000
20270.0080 312448.4054 406.8959 300181.236980000 -0.0000 0.0000 10.0000
20269.9942 312448.4836 406.8861 300181.246980000 -0.0000 0.0000 10.0000
20269.9805 312448.5618 406.8764 300181.256980000 -0.0000 0.0000 10.0000
20269.9667 312448.6400 406.8666 300181.266980000 -0.0000 0.0000 10.0000
20269.9529 312448.7182 406.8568 300181.276980000 -0.0000 0.0000 10.0000
20269.9391 312448.7964 406.8471 300181.286980000 -0.0000 0.0000 10.0000
20269.9253 312448.8746 406.8373 300181.296980000 -0.0000 0.0000 10.0000
20269.9115 312448.9528 406.8275 300181.306980000 -0.0000 0.0000 10.0000
20269.8977 312449.0310 406.8177 300181.316980000 -0.0000 0.0000 10.0000
20269.8839 312449.1092 406.8080 300181.326980000 -0.0000 0.0000 10.0000
20269.8701 312449.1873 406.7982 300181.336980000 -0.0000 0.0000 10.0000
20269.8564 312449.2655 406.7884 300181.346980000 -0.0000 0.0000 10.0000
20269.8426 312449.3437 406.7787 300181.356980000 -0.0000 0.0000 10.0000
20269.8288 312449.4219 406.7689 300181.366980000 -0.0000 0.0000 10.0000
20269.8150 312449.5001 406.7591 300181.376980000 -0.0000 0.0000 10.0000
20269.8012 312449.5783 406.7493 300181.386980000 -0.0000 0.0000 10.0000
20269.7874 312449.6565 406.7396 300181.396980000 -0.0000 0.0000 10.0000
20269.7736 312449.7347 406.7298 300181.406980000 -0.0000 0.0000 10.0000
20269.7598 312449.8129 406.7200 300181.416980000 -0.0000 0.0000 10.0000
20269.7461 312449.8911 406.7103 300181.426980000 -0.0000 0.0000 10.0000
20269.7323 312449.9693 406.7005 300181.436980000 -0.0000 0.0000 10.0000
20269.7185 312450.0475 406.6907 300181.446980000 -0.0000 0.0000 10.0000
20269.7047 312450.1257 406.6809 300181.456980000 -0.0000 0.0000 10.0000
20269.6909 312450.2039 406.6712 300181.466980000 -0.0000 0.0000 10.0000
20269.6771 312450.2821 406.6614 300181.476980000 -0.0000 0.0000 10.0000
20269.6633 312450.3603 406.6516 300181.486980000 -0.0000 0.0000 10.0000
20269.6495 312450.4385 406.6419 300181.496980000 -0.0000 0.0000 10.0000
20269.6358 312450.5167 406.6321 300181.506980000 -0.0000 0.0000 10.0000
20269.6220 312450.5949 406.6223 300181.516980000 -0.0000 0.0000 10.0000
20269.6082 312450.6730 406.6125 300181.526980000 -0.0000 0.0000 10.0000
20269.5944 312450.7512 406.6028 300181.536980000 -0.0000 0.0000 10.0000
20269.5806 312450.8294 406.5930 300181.546980000 -0.0000 0.0000 10.0000
20269.5668 312450.9076 406.5832 300181.556980000 -0.0000 0.0000 10.0000
20269.5530 312450.9858 406.5735 300181.566980000 -0.0000 0.0000 10.0000
20269.5392 312451.0640 406.5637 300181.576980000 -0.0000 0.0000 10.0000
20269.5255 312451.1422 406.5539 300181.586980000 -0.0000 0.0000 10.0000
20269.5117 312451.2204 406.5441 300181.596980000 -0.0000 0.0000 10.0000
20269.4979 312451.2986 406.5344 300181.606980000 -0.0000 0.0000 10.0000
20269.4841 312451.3768 406.5246 300181.616980000 -0.0000 0.0000 10.0000
20269.4703 312451.4550 406.5148 300181.626980000 -0.0000 0.0000 10.0000
20269.4565 312451.5332 406.5050 300181.636980000 -0.0000 0.0000 10.0000
20269.4427 312451.6114 406.4953 300181.646980000 -0.0000 0.0000 10.0000
20269.4289 312451.6896 406.4855 300181.656980000 -0.0000 0.0000 10.0000
20269.4152 312451.7678 406.4757 300181.666980000 -0.0000 0.0000 10.0000
20269.4014 312451.8460 406.4660 300181.676980000 -0.0000 0.0000 10.0000
20269.3876 312451.9242 406.4562 300181.686980000 -0.0000 0.0000 10.0000
20269.3738 312452.0024 406.4464 300181.696980000 -0.0000 0.0000 10.0000
20269.3600 312452.0806 406.4366 300181.706980000 -0.0000 0.0000 10.0000
20269.3462 312452.1587 406.4269 300181.716980000 -0.0000 0.0000 10.0000
20269.3324 312452.2369 406.4171 300181.726980000 -0.0000 0.0000 10.0000
20269.3186 312452.3151 406.4073 300181.736980000 -0.0000 0.0000 10.0000
20269.3048 312452.3933 406.3976 300181.746980000 -0.0000 0.0000 10.0000
20269.2911 312452.4715 406.3878 300181.756980000 -0.0000 0.0000 10.0000
20269.2773 312452.5497 406.3780 300181.766980000 -0.0000 0.0000 10.0000
20269.2635 312452.6279 406.3682 300181.776980000 -0.0000 0.0000 10.0000
20269.2497 312452.7061 406.3585 300181.786980000 -0.0000 0.0000 10.0000
20269.2359 312452.7843 406.3487 300181.796980000 -0.0000 0.0000 10.0000
20269.2221 312452.8625 406.3389 300181.806980000 -0.0000 0.0000 10.0000
20269.2083 312452.9407 406.3292 300181.816980000 -0.0000 0.0000 10.0000
20269.1945 312453.0189 406.3194 300181.826980000 -0.0000 0.0000 10.0000
20269.1808 312453.0971 406.3096 300181.836980000 -0.0000 0.0000 10.0000
20269.1670 312453.1753 406.2998 300181.846980000 -0.0000 0.0000 10.0000
20269.1532 312453.2535 406.2901 300181.856980000 -0.0000 0.0000 10.0000
20269.1394 312453.3317 406.2803 300181.866980000 -0.0000 0.0000 10.0000
20269.1256 312453.4099 406.2705 300181.876980000 -0.0000 0.0000 10.0000
20269.1118 312453.4881 406.2608 300181.886980000 -0.0000 0.0000 10.0000
20269.0980 312453.5663 406.2510 300181.896980000 -0.0000 0.0000 10.0000
20269.0842 312453.6444 406.2412 300181.906980000 -0.0000 0.0000 10.0000
20269.0705 312453.7226 406.2314 300181.916980000 -0.0000 0.0000 10.0000
20269.0567 312453.8008 406.2217 300181.926980000 -0.0000 0.0000 10.0000
20269.0429 312453.8790 406.2119 300181.936980000 -0.0000 0.0000 10.0000
20269.0291 312453.9572 406.2021 300181.946980000 -0.0000 0.0000 10.0000
20269.0153 312454.0354 406.1924 300181.956980000 -0.0000 0.0000 10.0000
20269.0015 312454.1136 406.1826 300181.966980000 -0.0000 0.0000 10.0000
20268.9877 312454.1918 406.1728 300181.976980000 -0.0000 0.0000 10.0000
20268.9739 312454.2700 406.1630 300181.986980000 -0.0000 0.0000 10.0000
20268.9602 312454.3482 406.1533 300181.996980000 -0.0000 0.0000 10.0000
20268.9464 312454.4264 406.1435 300182.006980000 -0.0000 0.0000 10.0000
20268.9326 312454.5046 406.1337 300182.016980000 -0.0000 0.0000 10.0000
20268.9188 312454.5828 406.1240 300182.026980000 -0.0000 0.0000 10.0000
20268.9050 312454.6610 406.1142 300182.036980000 -0.0000 0.0000 10.0000
20268.8912 312454.7392 406.1044 300182.046980000 -0.0000 0.0000 10.0000
20268.8774 312454.8174 406.0946 300182.056980000 -0.0000 0.0000 10.0000
20268.8636 312454.8956 406.0849 300182.066980000 -0.0000 0.0000 10.0000
20268.8499 312454.9738 406.0751 300182.076980000 -0.0000 0.0000 10.0000
20268.8361 312455.0520 406.0653 300182.086980000 -0.0000 0.0000 10.0000
20268.8223 312455.1301 406.0556 300182.096980000 -0.0000 0.0000 10.0000
20268.8085 312455.2083 406.0458 300182.106980000 -0.0000 0.0000 10.0000
20268.7947 312455.2865 406.0360 300182.116980000 -0.0000 0.0000 10.0000
20268.7809 312455.3647 406.0262 300182.126980000 -0.0000 0.0000 10.0000
20268.7671 312455.4429 406.0165 300182.136980000 -0.0000 0.0000 10.0000
20268.7533 312455.5211 406.0067 300182.146980000 -0.0000 0.0000 10.0000
20268.7395 312455.5993 405.9969 300182.156980000 -0.0000 0.0000 10.0000
20268.7258 312455.6775 405.9872 300182.166980000 -0.0000 0.0000 10.0000
20268.7120 312455.7557 405.9774 300182.176980000 -0.0000 0.0000 10.0000
20268.6982 312455.8339 405.9676 300182.186980000 -0.0000 0.0000 10.0000
20268.6844 312455.9121 405.9578 300182.196980000 -0.0000 0.0000 10.0000
20268.6706 312455.9903 405.9481 300182.206980000 -0.0000 0.0000 10.0000
20268.6568 312456.0685 405.9383 300182.216980000 -0.0000 0.0000 10.0000
20268.6430 312456.1467 405.9285 300182.226980000 -0.0000 0.0000 10.0000
20268.6292 312456.2249 405.9188 300182.236980000 -0.0000 0.0000 10.0000
20268.6155 312456.3031 405.9090 300182.246980000 -0.0000 0.0000 10.0000
20268.6017 312456.3813 405.8992 300182.256980000 -0.0000 0.0000 10.0000
20268.5879 312456.4595 405.8894 300182.266980000 -0.0000 0.0000 10.0000
20268.5741 312456.5377 405.8797 300182.276980000 -0.0000 0.0000 10.0000
20268.5603 312456.6158 405.8699 300182.286980000 -0.0000 0.0000 10.0000
20268.5465 312456.6940 405.8601 300182.296980000 -0.0000 0.0000 10.0000
20268.5327 312456.7722 405.8504 300182.306980000 -0.0000 0.0000 10.0000
20268.5189 312456.8504 405.8406 300182.316980000 -0.0000 0.0000 10.0000
20268.5052 312456.9286 405.8308 300182.326980000 -0.0000 0.0000 10.0000
20268.4914 312457.0068 405.8210 300182.336980000 -0.0000 0.0000 10.0000
20268.4776 312457.0850 405.8113 300182.346980000 -0.0000 0.0000 10.0000
20268.4638 312457.1632 405.8015 300182.356980000 -0.0000 0.0000 10.0000
20268.4500 312457.2414 405.7917 300182.366980000 -0.0000 0.0000 10.0000
20268.4362 312457.3196 405.7820 300182.376980000 -0.0000 0.0000 10.0000
20268.4224 312457.3978 405.7722 300182.386980000 -0.0000 0.0000 10.0000
20268.4086 312457.4760 405.7624 300182.396980000 -0.0000 0.0000 10.0000
20268.3949 312457.5542 405.7526 300182.406980000 -0.0000 0.0000 10.0000
20268.3811 312457.6324 405.7429 300182.416980000 -0.0000 0.0000 10.0000
20268.3673 312457.7106 405.7331 300182.426980000 -0.0000 0.0000 10.0000
20268.3535 312457.7888 405.7233 300182.436980000 -0.0000 0.0000 10.0000
20268.3397 312457.8670 405.7135 300182.446980000 -0.0000 0.0000 10.0000
20268.3259 312457.9452 405.7038 300182.456980000 -0.0000 0.0000 10.0000
20268.3121 312458.0234 405.6940 300182.466980000 -0.0000 0.0000 10.0000
20268.2983 312458.1015 405.6842 300182.476980000 -0.0000 0.0000 10.0000
20268.2846 312458.1797 405.6745 300182.486980000 -0.0000 0.0000 10.0000
20268.2708 312458.2579 405.6647 300182.496980000 -0.0000 0.0000 10.0000
20268.2570 312458.3361 405.6549 300182.506980000 -0.0000 0.0000 10.0000
20268.2432 312458.4143 405.6451 300182.516980000 -0.0000 0.0000 10.0000
20268.2294 312458.4925 405.6354 300182.526980000 -0.0000 0.0000 10.0000
20268.2156 312458.5707 405.6256 300182.536980000 -0.0000 0.0000 10.0000
20268.2018 312458.6489 405.6158 300182.546980000 -0.0000 0.0000 10.0000
20268.1880 312458.7271 405.6061 300182.556980000 -0.0000 0.0000 10.0000
20268.1742 312458.8053 405.5963 300182.566980000 -0.0000 0.0000 10.0000
20268.1605 312458.8835 405.5865 300182.576980000 -0.0000 0.0000 10.0000
20268.1467 312458.9617 405.5767 300182.586980000 -0.0000 0.0000 10.0000
20268.1329 312459.0399 405.5670 300182.596980000 -0.0000 0.0000 10.0000
20268.1191 312459.1181 405.5572 300182.606980000 -0.0000 0.0000 10.0000
20268.1053 312459.1963 405.5474 300182.616980000 -0.0000 0.0000 10.0000
20268.0915 312459.2745 405.5377 300182.626980000 -0.0000 0.0000 10.0000
20268.0777 312459.3527 405.5279 300182.636980000 -0.0000 0.0000 10.0000
20268.0639 312459.4309 405.5181 300182.646980000 -0.0000 0.0000 10.0000
20268.0502 312459.5091 405.5083 300182.656980000 -0.0000 0.0000 10.0000
20268.0364 312459.5872 405.4986 300182.666980000 -0.0000 0.0000 10.0000
20268.0226 312459.6654 405.4888 300182.676980000 -0.0000 0.0000 10.0000
20268.0088 312459.7436 405.4790 300182.686980000 -0.0000 0.0000 10.0000
20267.9950 312459.8218 405.4693 300182.696980000 -0.0000 0.0000 10.0000
20267.9812 312459.9000 405.4595 300182.706980000 -0.0000 0.0000 10.0000
20267.9674 312459.9782 405.4497 300182.716980000 -0.0000 0.0000 10.0000
20267.9536 312460.0564 405.4399 300182.726980000 -0.0000 0.0000 10.0000
20267.9399 312460.1346 405.4302 300182.736980000 -0.0000 0.0000 10.0000
20267.9261 312460.2128 405.4204 300182.746980000 -0.0000 0.0000 10.0000
20267.9123 312460.2910 405.4106 300182.756980000 -0.0000 0.0000 10.0000
20267.8985 312460.3692 405.4009 300182.766980000 -0.0000 0.0000 10.0000
20267.8847 312460.4474 405.3911 300182.776980000 -0.0000 0.0000 10.0000
20267.8709 312460.5256 405.3813 300182.786980000 -0.0000 0.0000 10.0000
20267.8571 312460.6038 405.3715 300182.796980000 -0.0000 0.0000 10.0000
20267.8433 312460.6820 405.3618 300182.806980000 -0.0000 0.0000 10.0000
20267.8296 312460.7602 405.3520 300182.816980000 -0.0000 0.0000 10.0000
20267.8158 312460.8384 405.3422 300182.826980000 -0.0000 0.0000 10.0000
20267.8020 312460.9166 405.3325 300182.836980000 -0.0000 0.0000 10.0000
20267.7882 312460.9948 405.3227 300182.846980000 -0.0000 0.0000 10.0000
20267.7744 312461.0729 405.3129 300182.856980000 -0.0000 0.0000 10.0000
20267.7606 312461.1511 405.3031 300182.866980000 -0.0000 0.0000 10.0000
20267.7468 312461.2293 405.2934 300182.876980000 -0.0000 0.0000 10.0000
20267.7330 312461.3075 405.2836 300182.886980000 -0.0000 0.0000 10.0000
20267.7193 312461.3857 405.2738 300182.896980000 -0.0000 0.0000 10.0000
20267.7055 312461.4639 405.2641 300182.906980000 -0.0000 0.0000 10.0000
20267.6917 312461.5421 405.2543 300182.916980000 -0.0000 0.0000 10.0000
20267.6779 312461.6203 405.2445 300182.926980000 -0.0000 0.0000 10.0000
20267.6641 312461.6985 405.2347 300182.936980000 -0.0000 0.0000 10.0000
20267.6503 312461.7767 405.2250 300182.946980000 -0.0000 0.0000 10.0000
20267.6365 312461.8549 405.2152 300182.956980000 -0.0000 0.0000 10.0000
20267.6227 312461.9331 405.2054 300182.966980000 -0.0000 0.0000 10.0000
20267.6089 312462.0113 405.1957 300182.976980000 -0.0000 0.0000 10.0000
20267.5952 312462.0895 405.1859 300182.986980000 -0.0000 0.0000 10.0000
20267.5814 312462.1677 405.1761 300182.996980000 -0.0000 0.0000 10.0000
20267.5676 312462.2459 405.1663 300183.006980000 -0.0000 0.0000 10.0000
20267.5538 312462.3241 405.1566 300183.016980000 -0.0000 0.0000 10.0000
20267.5400 312462.4023 405.1468 300183.026980000 -0.0000 0.0000 10.0000
20267.5262 312462.4804 405.1370 300183.036980000 -0.0000 0.0000 10.0000
20267.5124 312462.5586 405.1273 300183.046980000 -0.0000 0.0000 10.0000
20267.4986 312462.6368 405.1175 300183.056980000 -0.0000 0.0000 10.0000
20267.4849 312462.7150 405.1077 300183.066980000 -0.0000 0.0000 10.0000
20267.4711 312462.7932 405.0979 300183.076980000 -0.0000 0.0000 10.0000
20267.4573 312462.8714 405.0882 300183.086980000 -0.0000 0.0000 10.0000
20267.4435 312462.9496 405.0784 300183.096980000 -0.0000 0.0000 10.0000
20267.4297 312463.0278 405.0686 300183.106980000 -0.0000 0.0000 10.0000
20267.4159 312463.1060 405.0589 300183.116980000 -0.0000 0.0000 10.0000
20267.4021 312463.1842 405.0491 300183.126980000 -0.0000 0.0000 10.0000
20267.3883 312463.2624 405.0393 300183.136980000 -0.0000 0.0000 10.0000
20267.3746 312463.3406 405.0295 300183.146980000 -0.0000 0.0000 10.0000
20267.3608 312463.4188 405.0198 300183.156980000 -0.0000 0.0000 10.0000
20267.3470 312463.4970 405.0100 300183.166980000 -0.0000 0.0000 10.0000
20267.3332 312463.5752 405.0002 300183.176980000 -0.0000 0.0000 10.0000
20267.3194 312463.6534 404.9905 300183.186980000 -0.0000 0.0000 10.0000
20267.3056 312463.7316 404.9807 300183.196980000 -0.0000 0.0000 10.0000
20267.2918 312463.8098 404.9709 300183.206980000 -0.0000 0.0000 10.0000
20267.2780 312463.8880 404.9611 300183.216980000 -0.0000 0.0000 10.0000
20267.2643 312463.9661 404.9514 300183.226980000 -0.0000 0.0000 10.0000
20267.2505 312464.0443 404.9416 300183.236980000 -0.0000 0.0000 10.0000
20267.2367 312464.1225 404.9318 300183.246980000 -0.0000 0.0000 10.0000
20267.2229 312464.2007 404.9220 300183.256980000 -0.0000 0.0000 10.0000
20267.2091 312464.2789 404.9123 300183.266980000 -0.0000 0.0000 10.0000
20267.1953 312464.3571 404.9025 300183.276980000 -0.0000 0.0000 10.0000
20267.1815 312464.4353 404.8927 300183.286980000 -0.0000 0.0000 10.0000
20267.1677 312464.5135 404.8830 300183.296980000 -0.0000 0.0000 10.0000
20267.1540 312464.5917 404.8732 300183.306980000 -0.0000 0.0000 10.0000
20267.1402 312464.6699 404.8634 300183.316980000 -0.0000 0.0000 10.0000
20267.1264 312464.7481 404.8536 300183.326980000 -0.0000 0.0000 10.0000
20267.1126 312464.8263 404.8439 300183.336980000 -0.0000 0.0000 10.0000
20267.0988 312464.9045 404.8341 300183.346980000 -0.0000 0.0000 10.0000
20267.0850 312464.9827 404.8243 300183.356980000 -0.0000 0.0000 10.0000
20267.0712 312465.0609 404.8146 300183.366980000 -0.0000 0.0000 10.0000
20267.0574 312465.1391 404.8048 300183.376980000 -0.0000 0.0000 10.0000
20267.0436 312465.2173 404.7950 300183.386980000 -0.0000 0.0000 10.0000
20267.0299 312465.2955 404.7852 300183.396980000 -0.0000 0.0000 10.0000
20267.0161 312465.3737 404.7755 300183.406980000 -0.0000 0.0000 10.0000
20267.0023 312465.4518 404.7657 300183.416980000 -0.0000 0.0000 10.0000
20266.9885 312465.5300 404.7559 300183.426980000 -0.0000 0.0000 10.0000
20266.9747 312465.6082 404.7462 300183.436980000 -0.0000 0.0000 10.0000
20266.9609 312465.6864 404.7364 300183.446980000 -0.0000 0.0000 10.0000
20266.9471 312465.7646 404.7266 300183.456980000 -0.0000 0.0000 10.0000
20266.9333 312465.8428 404.7168 300183.466980000 -0.0000 0.0000 10.0000
20266.9196 312465.9210 404.7071 300183.476980000 -0.0000 0.0000 10.0000
20266.9058 312465.9992 404.6973 300183.486980000 -0.0000 0.0000 10.0000
20266.8920 312466.0774 404.6875 300183.496980000 -0.0000 0.0000 10.0000
20266.8782 312466.1556 404.6778 300183.506980000 -0.0000 0.0000 10.0000
20266.8644 312466.2338 404.6680 300183.516980000 -0.0000 0.0000 10.0000
20266.8506 312466.3120 404.6582 300183.526980000 -0.0000 0.0000 10.0000
20266.8368 312466.3902 404.6484 300183.536980000 -0.0000 0.0000 10.0000
20266.8230 312466.4684 404.6387 300183.546980000 -0.0000 0.0000 10.0000
20266.8093 312466.5466 404.6289 300183.556980000 -0.0000 0.0000 10.0000
20266.7955 312466.6248 404.6191 300183.566980000 -0.0000 0.0000 10.0000
20266.7817 312466.7030 404.6094 300183.576980000 -0.0000 0.0000 10.0000
20266.7679 312466.7812 404.5996 300183.586980000 -0.0000 0.0000 10.0000
20266.7541 312466.8594 404.5898 300183.596980000 -0.0000 0.0000 10.0000
20266.7403 312466.9375 404.5800 300183.606980000 -0.0000 0.0000 10.0000
20266.7265 312467.0157 404.5703 300183.616980000 -0.0000 0.0000 10.0000
20266.7127 312467.0939 404.5605 300183.626980000 -0.0000 0.0000 10.0000
20266.6990 312467.1721 404.5507 300183.636980000 -0.0000 0.0000 10.0000
20266.6852 312467.2503 404.5410 300183.646980000 -0.0000 0.0000 10.0000
20266.6714 312467.3285 404.5312 300183.656980000 -0.0000 0.0000 10.0000
20266.6576 312467.4067 404.5214 300183.666980000 -0.0000 0.0000 10.0000
20266.6438 312467.4849 404.5116 300183.676980000 -0.0000 0.0000 10.0000
20266.6300 312467.5631 404.5019 300183.686980000 -0.0000 0.0000 10.0000
20266.6162 312467.6413 404.4921 300183.696980000 -0.0000 0.0000 10.0000
20266.6024 312467.7195 404.4823 300183.706980000 -0.0000 0.0000 10.0000
20266.5887 312467.7977 404.4726 300183.716980000 -0.0000 0.0000 10.0000
20266.5749 312467.8759 404.4628 300183.726980000 -0.0000 0.0000 10.0000
20266.5611 312467.9541 404.4530 300183.736980000 -0.0000 0.0000 10.0000
20266.5473 312468.0323 404.4432 300183.746980000 -0.0000 0.0000 10.0000
20266.5335 312468.1105 404.4335 300183.756980000 -0.0000 0.0000 10.0000
20266.5197 312468.1887 404.4237 300183.766980000 -0.0000 0.0000 10.0000
20266.5059 312468.2669 404.4139 300183.776980000 -0.0000 0.0000 10.0000
20266.4921 312468.3451 404.4042 300183.786980000 -0.0000 0.0000 10.0000
20266.4783 312468.4232 404.3944 300183.796980000 -0.0000 0.0000 10.0000
20266.4646 312468.5014 404.3846 300183.806980000 -0.0000 0.0000 10.0000
20266.4508 312468.5796 404.3748 300183.816980000 -0.0000 0.0000 10.0000
20266.4370 312468.6578 404.3651 300183.826980000 -0.0000 0.0000 10.0000
20266.4232 312468.7360 404.3553 300183.836980000 -0.0000 0.0000 10.0000
20266.4094 312468.8142 404.3455 300183.846980000 -0.0000 0.0000 10.0000
20266.3956 312468.8924 404.3358 300183.856980000 -0.0000 0.0000 10.0000
20266.3818 312468.9706 404.3260 300183.866980000 -0.0000 0.0000 10.0000
20266.3680 312469.0488 404.3162 300183.876980000 -0.0000 0.0000 10.0000
20266.3543 312469.1270 404.3064 300183.886980000 -0.0000 0.0000 10.0000
20266.3405 312469.2052 404.2967 300183.896980000 -0.0000 0.0000 10.0000
20266.3267 312469.2834 404.2869 300183.906980000 -0.0000 0.0000 10.0000
20266.3129 312469.3616 404.2771 300183.916980000 -0.0000 0.0000 10.0000
20266.2991 312469.4398 404.2674 300183.926980000 -0.0000 0.0000 10.0000
20266.2853 312469.5180 404.2576 300183.936980000 -0.0000 0.0000 10.0000
20266.2715 312469.5962 404.2478 300183.946980000 -0.0000 0.0000 10.0000
20266.2577 312469.6744 404.2380 300183.956980000 -0.0000 0.0000 10.0000
20266.2440 312469.7526 404.2283 300183.966980000 -0.0000 0.0000 10.0000
20266.2302 312469.8308 404.2185 300183.976980000 -0.0000 0.0000 10.0000
20266.2164 312469.9089 404.2087 300183.986980000 -0.0000 0.0000 10.0000
20266.2026 312469.9871 404.1989 300183.996980000 -0.0000 0.0000 10.0000
20266.1888 312470.0653 404.1892 300184.006980000 -0.0000 0.0000 10.0000
20266.1750 312470.1435 404.1794 300184.016980000 -0.0000 0.0000 10.0000
20266.1612 312470.2217 404.1696 300184.026980000 -0.0000 0.0000 10.0000
20266.1474 312470.2999 404.1599 300184.036980000 -0.0000 0.0000 10.0000
20266.1337 312470.3781 404.1501 300184.046980000 -0.0000 0.0000 10.0000
20266.1199 312470.4563 404.1403 300184.056980000 -0.0000 0.0000 10.0000
20266.1061 312470.5345 404.1305 300184.066980000 -0.0000 0.0000 10.0000
20266.0923 312470.6127 404.1208 300184.076980000 -0.0000 0.0000 10.0000
20266.0785 312470.6909 404.1110 300184.086980000 -0.0000 0.0000 10.0000
20266.0647 312470.7691 404.1012 300184.096980000 -0.0000 0.0000 10.0000
20266.0509 312470.8473 404.0915 300184.106980000 -0.0000 0.0000 10.0000
20266.0371 312470.9255 404.0817 300184.116980000 -0.0000 0.0000 10.0000
20266.0234 312471.0037 404.0719 300184.126980000 -0.0000 0.0000 10.0000
20266.0096 312471.0819 404.0621 300184.136980000 -0.0000 0.0000 10.0000
20265.9958 312471.1601 404.0524 300184.146980000 -0.0000 0.0000 10.0000
20265.9820 312471.2383 404.0426 300184.156980000 -0.0000 0.0000 10.0000
20265.9682 312471.3165 404.0328 300184.166980000 -0.0000 0.0000 10.0000
20265.9544 312471.3946 404.0231 300184.176980000 -0.0000 0.0000 10.0000
20265.9406 312471.4728 404.0133 300184.186980000 -0.0000 0.0000 10.0000
20265.9268 312471.5510 404.0035 300184.196980000 -0.0000 0.0000 10.0000
20265.9130 312471.6292 403.9937 300184.206980000 -0.0000 0.0000 10.0000
20265.8993 312471.7074 403.9840 300184.216980000 -0.0000 0.0000 10.0000
20265.8855 312471.7856 403.9742 300184.226980000 -0.0000 0.0000 10.0000
20265.8717 312471.8638 403.9644 300184.236980000 -0.0000 0.0000 10.0000
20265.8579 312471.9420 403.9547 300184.246980000 -0.0000 0.0000 10.0000
20265.8441 312472.0202 403.9449 300184.256980000 -0.0000 0.0000 10.0000
20265.8303 312472.0984 403.9351 300184.266980000 -0.0000 0.0000 10.0000
20265.8165 312472.1766 403.9253 300184.276980000 -0.0000 0.0000 10.0000
20265.8027 312472.2548 403.9156 300184.286980000 -0.0000 0.0000 10.0000
20265.7890 312472.3330 403.9058 300184.296980000 -0.0000 0.0000 10.0000
20265.7752 312472.4112 403.8960 300184.306980000 -0.0000 0.0000 10.0000
20265.7614 312472.4894 403.8863 300184.316980000 -0.0000 0.0000 10.0000
20265.7476 312472.5676 403.8765 300184.326980000 -0.0000 0.0000 10.0000
20265.7338 312472.6458 403.8667 300184.336980000 -0.0000 0.0000 10.0000
20265.7200 312472.7240 403.8569 300184.346980000 -0.0000 0.0000 10.0000
20265.7062 312472.8022 403.8472 300184.356980000 -0.0000 0.0000 10.0000
20265.6924 312472.8803 403.8374 300184.366980000 -0.0000 0.0000 10.0000
20265.6787 312472.9585 403.8276 300184.376980000 -0.0000 0.0000 10.0000
20265.6649 312473.0367 403.8179 300184.386980000 -0.0000 0.0000 10.0000
20265.6511 312473.1149 403.8081 300184.396980000 -0.0000 0.0000 10.0000
20265.6373 312473.1931 403.7983 300184.406980000 -0.0000 0.0000 10.0000
20265.6235 312473.2713 403.7885 300184.416980000 -0.0000 0.0000 10.0000
20265.6097 312473.3495 403.7788 300184.426980000 -0.0000 0.0000 10.0000
20265.5959 312473.4277 403.7690 300184.436980000 -0.0000 0.0000 10.0000
20265.5821 312473.5059 403.7592 300184.446980000 -0.0000 0.0000 10.0000
20265.5684 312473.5841 403.7495 300184.456980000 -0.0000 0.0000 10.0000
20265.5546 312473.6623 403.7397 300184.466980000 -0.0000 0.0000 10.0000
20265.5408 312473.7405 403.7299 300184.476980000 -0.0000 0.0000 10.0000
20265.5270 312473.8187 403.7201 300184.486980000 -0.0000 0.0000 10.0000
20265.5132 312473.8969 403.7104 300184.496980000 -0.0000 0.0000 10.0000
20265.4994 312473.9751 403.7006 300184.506980000 -0.0000 0.0000 10.0000
20265.4856 312474.0533 403.6908 300184.516980000 -0.0000 0.0000 10.0000
20265.4718 312474.1315 403.6811 300184.526980000 -0.0000 0.0000 10.0000
20265.4581 312474.2097 403.6713 300184.536980000 -0.0000 0.0000 10.0000
20265.4443 312474.2879 403.6615 300184.546980000 -0.0000 0.0000 10.0000
20265.4305 312474.3660 403.6517 300184.556980000 -0.0000 0.0000 10.0000
20265.4167 312474.4442 403.6420 300184.566980000 -0.0000 0.0000 10.0000
20265.4029 312474.5224 403.6322 300184.576980000 -0.0000 0.0000 10.0000
20265.3891 312474.6006 403.6224 300184.586980000 -0.0000 0.0000 10.0000
20265.3753 312474.6788 403.6127 300184.596980000 -0.0000 0.0000 10.0000
20265.3615 312474.7570 403.6029 300184.606980000 -0.0000 0.0000 10.0000
20265.3477 312474.8352 403.5931 300184.616980000 -0.0000 0.0000 10.0000
20265.3340 312474.9134 403.5833 300184.626980000 -0.0000 0.0000 10.0000
20265.3202 312474.9916 403.5736 300184.636980000 -0.0000 0.0000 10.0000
20265.3064 312475.0698 403.5638 300184.646980000 -0.0000 0.0000 10.0000
20265.2926 312475.1480 403.5540 300184.656980000 -0.0000 0.0000 10.0000
20265.2788 312475.2262 403.5443 300184.666980000 -0.0000 0.0000 10.0000
20265.2650 312475.3044 403.5345 300184.676980000 -0.0000 0.0000 10.0000
20265.2512 312475.3826 403.5247 300184.686980000 -0.0000 0.0000 10.0000
20265.2374 312475.4608 403.5149 300184.696980000 -0.0000 0.0000 10.0000
20265.2237 312475.5390 403.5052 300184.706980000 -0.0000 0.0000 10.0000
20265.2099 312475.6172 403.4954 300184.716980000 -0.0000 0.0000 10.0000
20265.1961 312475.6954 403.4856 300184.726980000 -0.0000 0.0000 10.0000
20265.1823 312475.7735 403.4759 300184.736980000 -0.0000 0.0000 10.0000
20265.1685 312475.8517 403.4661 300184.746980000 -0.0000 0.0000 10.0000
20265.1547 312475.9299 403.4563 300184.756980000 -0.0000 0.0000 10.0000
20265.1409 312476.0081 403.4465 300184.766980000 -0.0000 0.0000 10.0000
20265.1271 312476.0863 403.4368 300184.776980000 -0.0000 0.0000 10.0000
20265.1134 312476.1645 403.4270 300184.786980000 -0.0000 0.0000 10.0000
20265.0996 312476.2427 403.4172 300184.796980000 -0.0000 0.0000 10.0000
20265.0858 312476.3209 403.4074 300184.806980000 -0.0000 0.0000 10.0000
20265.0720 312476.3991 403.3977 300184.816980000 -0.0000 0.0000 10.0000
20265.0582 312476.4773 403.3879 300184.826980000 -0.0000 0.0000 10.0000
20265.0444 312476.5555 403.3781 300184.836980000 -0.0000 0.0000 10.0000
20265.0306 312476.6337 403.3684 300184.846980000 -0.0000 0.0000 10.0000
20265.0168 312476.7119 403.3586 300184.856980000 -0.0000 0.0000 10.0000
20265.0031 312476.7901 403.3488 300184.866980000 -0.0000 0.0000 10.0000
20264.9893 312476.8683 403.3390 300184.876980000 -0.0000 0.0000 10.0000
20264.9755 312476.9465 403.3293 300184.886980000 -0.0000 0.0000 10.0000
20264.9617 312477.0247 403.3195 300184.896980000 -0.0000 0.0000 10.0000
20264.9479 312477.1029 403.3097 300184.906980000 -0.0000 0.0000 10.0000
20264.9341 312477.1811 403.3000 300184.916980000 -0.0000 0.0000 10.0000
20264.9203 312477.2592 403.2902 300184.926980000 -0.0000 0.0000 10.0000
20264.9065 312477.3374 403.2804 300184.936980000 -0.0000 0.0000 10.0000
20264.8928 312477.4156 403.2706 300184.946980000 -0.0000 0.0000 10.0000
20264.8790 312477.4938 403.2609 300184.956980000 -0.0000 0.0000 10.0000
20264.8652 312477.5720 403.2511 300184.966980000 -0.0000 0.0000 10.0000
20264.8514 312477.6502 403.2413 300184.976980000 -0.0000 0.0000 10.0000
20264.8376 312477.7284 403.2316 300184.986980000 -0.0000 0.0000 10.0000
20264.8238 312477.8066 403.2218 300184.996980000 -0.0000 0.0000 10.0000
20264.8100 312477.8848 403.2120 300185.006980000 -0.0000 0.0000 10.0000
20264.7962 312477.9630 403.2022 300185.016980000 -0.0000 0.0000 10.0000
20264.7824 312478.0412 403.1925 300185.026980000 -0.0000 0.0000 10.0000
20264.7687 312478.1194 403.1827 300185.036980000 -0.0000 0.0000 10.0000
20264.7549 312478.1976 403.1729 300185.046980000 -0.0000 0.0000 10.0000
20264.7411 312478.2758 403.1632 300185.056980000 -0.0000 0.0000 10.0000
20264.7273 312478.3540 403.1534 300185.066980000 -0.0000 0.0000 10.0000
20264.7135 312478.4322 403.1436 300185.076980000 -0.0000 0.0000 10.0000
20264.6997 312478.5104 403.1338 300185.086980000 -0.0000 0.0000 10.0000
20264.6859 312478.5886 403.1241 300185.096980000 -0.0000 0.0000 10.0000
20264.6721 312478.6668 403.1143 300185.106980000 -0.0000 0.0000 10.0000
20264.6584 312478.7449 403.1045 300185.116980000 -0.0000 0.0000 10.0000
20264.6446 312478.8231 403.0948 300185.126980000 -0.0000 0.0000 10.0000
20264.6308 312478.9013 403.0850 300185.136980000 -0.0000 0.0000 10.0000
20264.6170 312478.9795 403.0752 300185.146980000 -0.0000 0.0000 10.0000
20264.6032 312479.0577 403.0654 300185.156980000 -0.0000 0.0000 10.0000
20264.5894 312479.1359 403.0557 300185.166980000 -0.0000 0.0000 10.0000
20264.5756 312479.2141 403.0459 300185.176980000 -0.0000 0.0000 10.0000
20264.5618 312479.2923 403.0361 300185.186980000 -0.0000 0.0000 10.0000
20264.5481 312479.3705 403.0264 300185.196980000 -0.0000 0.0000 10.0000
20264.5343 312479.4487 403.0166 300185.206980000 -0.0000 0.0000 10.0000
20264.5205 312479.5269 403.0068 300185.216980000 -0.0000 0.0000 10.0000
20264.5067 312479.6051 402.9970 300185.226980000 -0.0000 0.0000 10.0000
20264.4929 312479.6833 402.9873 300185.236980000 -0.0000 0.0000 10.0000
20264.4791 312479.7615 402.9775 300185.246980000 -0.0000 0.0000 10.0000
20264.4653 312479.8397 402.9677 300185.256980000 -0.0000 0.0000 10.0000
20264.4515 312479.9179 402.9580 300185.266980000 -0.0000 0.0000 10.0000
20264.4378 312479.9961 402.9482 300185.276980000 -0.0000 0.0000 10.0000
20264.4240 312480.0743 402.9384 300185.286980000 -0.0000 0.0000 10.0000
20264.4102 312480.1525 402.9286 300185.296980000 -0.0000 0.0000 10.0000
20264.3964 312480.2306 402.9189 300185.306980000 -0.0000 0.0000 10.0000
20264.3826 312480.3088 402.9091 300185.316980000 -0.0000 0.0000 10.0000
20264.3688 312480.3870 402.8993 300185.326980000 -0.0000 0.0000 10.0000
20264.3550 312480.4652 402.8896 300185.336980000 -0.0000 0.0000 10.0000
20264.3412 312480.5434 402.8798 300185.346980000 -0.0000 0.0000 10.0000
20264.3275 312480.6216 402.8700 300185.356980000 -0.0000 0.0000 10.0000
20264.3137 312480.6998 402.8602 300185.366980000 -0.0000 0.0000 10.0000
20264.2999 312480.7780 402.8505 300185.376980000 -0.0000 0.0000 10.0000
20264.2861 312480.8562 402.8407 300185.386980000 -0.0000 0.0000 10.0000
20264.2723 312480.9344 402.8309 300185.396980000 -0.0000 0.0000 10.0000
20264.2585 312481.0126 402.8212 300185.406980000 -0.0000 0.0000 10.0000
20264.2447 312481.0908 402.8114 300185.416980000 -0.0000 0.0000 10.0000
20264.2309 312481.1690 402.8016 300185.426980000 -0.0000 0.0000 10.0000
20264.2171 312481.2472 402.7918 300185.436980000 -0.0000 0.0000 10.0000
20264.2034 312481.3254 402.7821 300185.446980000 -0.0000 0.0000 10.0000
20264.1896 312481.4036 402.7723 300185.456980000 -0.0000 0.0000 10.0000
20264.1758 312481.4818 402.7625 300185.466980000 -0.0000 0.0000 10.0000
20264.1620 312481.5600 402.7528 300185.476980000 -0.0000 0.0000 10.0000
20264.1482 312481.6382 402.7430 300185.486980000 -0.0000 0.0000 10.0000
20264.1344 312481.7163 402.7332 300185.496980000 -0.0000 0.0000 10.0000
20264.1206 312481.7945 402.7234 300185.506980000 -0.0000 0.0000 10.0000
20264.1068 312481.8727 402.7137 300185.516980000 -0.0000 0.0000 10.0000
20264.0931 312481.9509 402.7039 300185.526980000 -0.0000 0.0000 10.0000
20264.0793 312482.0291 402.6941 300185.536980000 -0.0000 0.0000 10.0000
20264.0655 312482.1073 402.6844 300185.546980000 -0.0000 0.0000 10.0000
20264.0517 312482.1855 402.6746 300185.556980000 -0.0000 0.0000 10.0000
20264.0379 312482.2637 402.6648 300185.566980000 -0.0000 0.0000 10.0000
20264.0241 312482.3419 402.6550 300185.576980000 -0.0000 0.0000 10.0000
20264.0103 312482.4201 402.6453 300185.586980000 -0.0000 0.0000 10.0000
20263.9965 312482.4983 402.6355 300185.596980000 -0.0000 0.0000 10.0000
20263.9828 312482.5765 402.6257 300185.606980000 -0.0000 0.0000 10.0000
20263.9690 312482.6547 402.6159 300185.616980000 -0.0000 0.0000 10.0000
20263.9552 312482.7329 402.6062 300185.626980000 -0.0000 0.0000 10.0000
20263.9414 312482.8111 402.5964 300185.636980000 -0.0000 0.0000 10.0000
20263.9276 312482.8893 402.5866 300185.646980000 -0.0000 0.0000 10.0000
20263.9138 312482.9675 402.5769 300185.656980000 -0.0000 0.0000 10.0000
20263.9000 312483.0457 402.5671 300185.666980000 -0.0000 0.0000 10.0000
20263.8862 312483.1239 402.5573 300185.676980000 -0.0000 0.0000 10.0000
20263.8725 312483.2020 402.5475 300185.686980000 -0.0000 0.0000 10.0000
20263.8587 312483.2802 402.5378 300185.696980000 -0.0000 0.0000 10.0000
20263.8449 312483.3584 402.5280 300185.706980000 -0.0000 0.0000 10.0000
20263.8311 312483.4366 402.5182 300185.716980000 -0.0000 0.0000 10.0000
20263.8173 312483.5148 402.5085 300185.726980000 -0.0000 0.0000 10.0000
20263.8035 312483.5930 402.4987 300185.736980000 -0.0000 0.0000 10.0000
20263.7897 312483.6712 402.4889 300185.746980000 -0.0000 0.0000 10.0000
20263.7759 312483.7494 402.4791 300185.756980000 -0.0000 0.0000 10.0000
20263.7622 312483.8276 402.4694 300185.766980000 -0.0000 0.0000 10.0000
20263.7484 312483.9058 402.4596 300185.776980000 -0.0000 0.0000 10.0000
20263.7346 312483.9840 402.4498 300185.786980000 -0.0000 0.0000 10.0000
20263.7208 312484.0622 402.4401 300185.796980000 -0.0000 0.0000 10.0000
20263.7070 312484.1404 402.4303 300185.806980000 -0.0000 0.0000 10.0000
20263.6932 312484.2186 402.4205 300185.816980000 -0.0000 0.0000 10.0000
20263.6794 312484.2968 402.4107 300185.826980000 -0.0000 0.0000 10.0000
20263.6656 312484.3750 402.4010 300185.836980000 -0.0000 0.0000 10.0000
20263.6518 312484.4532 402.3912 300185.846980000 -0.0000 0.0000 10.0000
20263.6381 312484.5314 402.3814 300185.856980000 -0.0000 0.0000 10.0000
20263.6243 312484.6096 402.3717 300185.866980000 -0.0000 0.0000 10.0000
20263.6105 312484.6877 402.3619 300185.876980000 -0.0000 0.0000 10.0000
20263.5967 312484.7659 402.3521 300185.886980000 -0.0000 0.0000 10.0000
20263.5829 312484.8441 402.3423 300185.896980000 -0.0000 0.0000 10.0000
20263.5691 312484.9223 402.3326 300185.906980000 -0.0000 0.0000 10.0000
20263.5553 312485.0005 402.3228 300185.916980000 -0.0000 0.0000 10.0000
20263.5415 312485.0787 402.3130 300185.926980000 -0.0000 0.0000 10.0000
20263.5278 312485.1569 402.3033 300185.936980000 -0.0000 0.0000 10.0000
20263.5140 312485.2351 402.2935 300185.946980000 -0.0000 0.0000 10.0000
20263.5002 312485.3133 402.2837 300185.956980000 -0.0000 0.0000 10.0000
20263.4864 312485.3915 402.2739 300185.966980000 -0.0000 0.0000 10.0000
20263.4726 312485.4697 402.2642 300185.976980000 -0.0000 0.0000 10.0000
20263.4588 312485.5479 402.2544 300185.986980000 -0.0000 0.0000 10.0000
20263.4450 312485.6261 402.2446 300185.996980000 -0.0000 0.0000 10.0000
20263.4312 312485.7043 402.2349 300186.006980000 -0.0000 0.0000 10.0000
20263.4175 312485.7825 402.2251 300186.016980000 -0.0000 0.0000 10.0000
20263.4037 312485.8607 402.2153 300186.026980000 -0.0000 0.0000 10.0000
20263.3899 312485.9389 402.2055 300186.036980000 -0.0000 0.0000 10.0000
20263.3761 312486.0171 402.1958 300186.046980000 -0.0000 0.0000 10.0000
20263.3623 312486.0953 402.1860 300186.056980000 -0.0000 0.0000 10.0000
20263.3485 312486.1734 402.1762 300186.066980000 -0.0000 0.0000 10.0000
20263.3347 312486.2516 402.1665 300186.076980000 -0.0000 0.0000 10.0000
20263.3209 312486.3298 402.1567 300186.086980000 -0.0000 0.0000 10.0000
20263.3072 312486.4080 402.1469 300186.096980000 -0.0000 0.0000 10.0000
20263.2934 312486.4862 402.1371 300186.106980000 -0.0000 0.0000 10.0000
20263.2796 312486.5644 402.1274 300186.116980000 -0.0000 0.0000 10.0000
20263.2658 312486.6426 402.1176 300186.126980000 -0.0000 0.0000 10.0000
20263.2520 312486.7208 402.1078 300186.136980000 -0.0000 0.0000 10.0000
20263.2382 312486.7990 402.0981 300186.146980000 -0.0000 0.0000 10.0000
20263.2244 312486.8772 402.0883 300186.156980000 -0.0000 0.0000 10.0000
20263.2106 312486.9554 402.0785 300186.166980000 -0.0000 0.0000 10.0000
20263.1969 312487.0336 402.0687 300186.176980000 -0.0000 0.0000 10.0000
20263.1831 312487.1118 402.0590 300186.186980000 -0.0000 0.0000 10.0000
20263.1693 312487.1900 402.0492 300186.196980000 -0.0000 0.0000 10.0000
20263.1555 312487.2682 402.0394 300186.206980000 -0.0000 0.0000 10.0000
20263.1417 312487.3464 402.0297 300186.216980000 -0.0000 0.0000 10.0000
20263.1279 312487.4246 402.0199 300186.226980000 -0.0000 0.0000 10.0000
20263.1141 312487.5028 402.0101 300186.236980000 -0.0000 0.0000 10.0000
20263.1003 312487.5810 402.0003 300186.246980000 -0.0000 0.0000 10.0000
20263.0865 312487.6591 401.9906 300186.256980000 -0.0000 0.0000 10.0000
20263.0728 312487.7373 401.9808 300186.266980000 -0.0000 0.0000 10.0000
20263.0590 312487.8155 401.9710 300186.276980000 -0.0000 0.0000 10.0000
20263.0452 312487.8937 401.9613 300186.286980000 -0.0000 0.0000 10.0000
20263.0314 312487.9719 401.9515 300186.296980000 -0.0000 0.0000 10.0000
20263.0176 312488.0501 401.9417 300186.306980000 -0.0000 0.0000 10.0000
20263.0038 312488.1283 401.9319 300186.316980000 -0.0000 0.0000 10.0000
20262.9900 312488.2065 401.9222 300186.326980000 -0.0000 0.0000 10.0000
20262.9762 312488.2847 401.9124 300186.336980000 -0.0000 0.0000 10.0000
20262.9625 312488.3629 401.9026 300186.346980000 -0.0000 0.0000 10.0000
20262.9487 312488.4411 401.8929 300186.356980000 -0.0000 0.0000 10.0000
20262.9349 312488.5193 401.8831 300186.366980000 -0.0000 0.0000 10.0000
20262.9211 312488.5975 401.8733 300186.376980000 -0.0000 0.0000 10.0000
20262.9073 312488.6757 401.8635 300186.386980000 -0.0000 0.0000 10.0000
20262.8935 312488.7539 401.8538 300186.396980000 -0.0000 0.0000 10.0000
20262.8797 312488.8321 401.8440 300186.406980000 -0.0000 0.0000 10.0000
20262.8659 312488.9103 401.8342 300186.416980000 -0.0000 0.0000 10.0000
20262.8522 312488.9885 401.8244 300186.426980000 -0.0000 0.0000 10.0000
20262.8384 312489.0666 401.8147 300186.436980000 -0.0000 0.0000 10.0000
20262.8246 312489.1448 401.8049 300186.446980000 -0.0000 0.0000 10.0000
20262.8108 312489.2230 401.7951 300186.456980000 -0.0000 0.0000 10.0000
20262.7970 312489.3012 401.7854 300186.466980000 -0.0000 0.0000 10.0000
20262.7832 312489.3794 401.7756 300186.476980000 -0.0000 0.0000 10.0000
20262.7694 312489.4576 401.7658 300186.486980000 -0.0000 0.0000 10.0000
20262.7556 312489.5358 401.7560 300186.496980000 -0.0000 0.0000 10.0000
20262.7419 312489.6140 401.7463 300186.506980000 -0.0000 0.0000 10.0000
20262.7281 312489.6922 401.7365 300186.516980000 -0.0000 0.0000 10.0000
20262.7143 312489.7704 401.7267 300186.526980000 -0.0000 0.0000 10.0000
20262.7005 312489.8486 401.7170 300186.536980000 -0.0000 0.0000 10.0000
20262.6867 312489.9268 401.7072 300186.546980000 -0.0000 0.0000 10.0000
20262.6729 312490.0050 401.6974 300186.556980000 -0.0000 0.0000 10.0000
20262.6591 312490.0832 401.6876 300186.566980000 -0.0000 0.0000 10.0000
20262.6453 312490.1614 401.6779 300186.576980000 -0.0000 0.0000 10.0000
20262.6316 312490.2396 401.6681 300186.586980000 -0.0000 0.0000 10.0000
20262.6178 312490.3178 401.6583 300186.596980000 -0.0000 0.0000 10.0000
20262.6040 312490.3960 401.6486 300186.606980000 -0.0000 0.0000 10.0000
20262.5902 312490.4742 401.6388 300186.616980000 -0.0000 0.0000 10.0000
20262.5764 312490.5523 401.6290 300186.626980000 -0.0000 0.0000 10.0000
20262.5626 312490.6305 401.6192 300186.636980000 -0.0000 0.0000 10.0000
20262.5488 312490.7087 401.6095 300186.646980000 -0.0000 0.0000 10.0000
20262.5350 312490.7869 401.5997 300186.656980000 -0.0000 0.0000 10.0000
20262.5212 312490.8651 401.5899 300186.666980000 -0.0000 0.0000 10.0000
20262.5075 312490.9433 401.5802 300186.676980000 -0.0000 0.0000 10.0000
20262.4937 312491.0215 401.5704 300186.686980000 -0.0000 0.0000 10.0000
20262.4799 312491.0997 401.5606 300186.696980000 -0.0000 0.0000 10.0000
20262.4661 312491.1779 401.5508 300186.706980000 -0.0000 0.0000 10.0000
20262.4523 312491.2561 401.5411 300186.716980000 -0.0000 0.0000 10.0000
20262.4385 312491.3343 401.5313 300186.726980000 -0.0000 0.0000 10.0000
20262.4247 312491.4125 401.5215 300186.736980000 -0.0000 0.0000 10.0000
20262.4109 312491.4907 401.5118 300186.746980000 -0.0000 0.0000 10.0000
20262.3972 312491.5689 401.5020 300186.756980000 -0.0000 0.0000 10.0000
20262.3834 312491.6471 401.4922 300186.766980000 -0.0000 0.0000 10.0000
20262.3696 312491.7253 401.4824 300186.776980000 -0.0000 0.0000 10.0000
20262.3558 312491.8035 401.4727 300186.786980000 -0.0000 0.0000 10.0000
20262.3420 312491.8817 401.4629 300186.796980000 -0.0000 0.0000 10.0000
20262.3282 312491.9599 401.4531 300186.806980000 -0.0000 0.0000 10.0000
20262.3144 312492.0380 401.4434 300186.816980000 -0.0000 0.0000 10.0000
20262.3006 312492.1162 401.4336 300186.826980000 -0.0000 0.0000 10.0000
20262.2869 312492.1944 401.4238 300186.836980000 -0.0000 0.0000 10.0000
20262.2731 312492.2726 401.4140 300186.846980000 -0.0000 0.0000 10.0000
20262.2593 312492.3508 401.4043 300186.856980000 -0.0000 0.0000 10.0000
20262.2455 312492.4290 401.3945 300186.866980000 -0.0000 0.0000 10.0000
20262.2317 312492.5072 401.3847 300186.876980000 -0.0000 0.0000 10.0000
20262.2179 312492.5854 401.3750 300186.886980000 -0.0000 0.0000 10.0000
20262.2041 312492.6636 401.3652 300186.896980000 -0.0000 0.0000 10.0000
20262.1903 312492.7418 401.3554 300186.906980000 -0.0000 0.0000 10.0000
20262.1766 312492.8200 401.3456 300186.916980000 -0.0000 0.0000 10.0000
20262.1628 312492.8982 401.3359 300186.926980000 -0.0000 0.0000 10.0000
20262.1490 312492.9764 401.3261 300186.936980000 -0.0000 0.0000 10.0000
20262.1352 312493.0546 401.3163 300186.946980000 -0.0000 0.0000 10.0000
20262.1214 312493.1328 401.3066 300186.956980000 -0.0000 0.0000 10.0000
20262.1076 312493.2110 401.2968 300186.966980000 -0.0000 0.0000 10.0000
20262.0938 312493.2892 401.2870 300186.976980000 -0.0000 0.0000 10.0000
20262.0800 312493.3674 401.2772 300186.986980000 -0.0000 0.0000 10.0000
20262.0663 312493.4456 401.2675 300186.996980000 -0.0000 0.0000 10.0000
20262.0525 312493.5237 401.2577 300187.006980000 -0.0000 0.0000 10.0000
20262.0387 312493.6019 401.2479 300187.016980000 -0.0000 0.0000 10.0000
20262.0249 312493.6801 401.2382 300187.026980000 -0.0000 0.0000 10.0000
20262.0111 312493.7583 401.2284 300187.036980000 -0.0000 0.0000 10.0000
20261.9973 312493.8365 401.2186 300187.046980000 -0.0000 0.0000 10.0000
20261.9835 312493.9147 401.2088 300187.056980000 -0.0000 0.0000 10.0000
20261.9697 312493.9929 401.1991 300187.066980000 -0.0000 0.0000 10.0000
20261.9559 312494.0711 401.1893 300187.076980000 -0.0000 0.0000 10.0000
20261.9422 312494.1493 401.1795 300187.086980000 -0.0000 0.0000 10.0000
20261.9284 312494.2275 401.1698 300187.096980000 -0.0000 0.0000 10.0000
20261.9146 312494.3057 401.1600 300187.106980000 -0.0000 0.0000 10.0000
20261.9008 312494.3839 401.1502 300187.116980000 -0.0000 0.0000 10.0000
20261.8870 312494.4621 401.1404 300187.126980000 -0.0000 0.0000 10.0000
20261.8732 312494.5403 401.1307 300187.136980000 -0.0000 0.0000 10.0000
20261.8594 312494.6185 401.1209 300187.146980000 -0.0000 0.0000 10.0000
20261.8456 312494.6967 401.1111 300187.156980000 -0.0000 0.0000 10.0000
20261.8319 312494.7749 401.1014 300187.166980000 -0.0000 0.0000 10.0000
20261.8181 312494.8531 401.0916 300187.176980000 -0.0000 0.0000 10.0000
20261.8043 312494.9313 401.0818 300187.186980000 -0.0000 0.0000 10.0000
20261.7905 312495.0094 401.0720 300187.196980000 -0.0000 0.0000 10.0000
20261.7767 312495.0876 401.0623 300187.206980000 -0.0000 0.0000 10.0000
20261.7629 312495.1658 401.0525 300187.216980000 -0.0000 0.0000 10.0000
20261.7491 312495.2440 401.0427 300187.226980000 -0.0000 0.0000 10.0000
20261.7353 312495.3222 401.0329 300187.236980000 -0.0000 0.0000 10.0000
20261.7216 312495.4004 401.0232 300187.246980000 -0.0000 0.0000 10.0000
20261.7078 312495.4786 401.0134 300187.256980000 -0.0000 0.0000 10.0000
20261.6940 312495.5568 401.0036 300187.266980000 -0.0000 0.0000 10.0000
20261.6802 312495.6350 400.9939 300187.276980000 -0.0000 0.0000 10.0000
20261.6664 312495.7132 400.9841 300187.286980000 -0.0000 0.0000 10.0000
20261.6526 312495.7914 400.9743 300187.296980000 -0.0000 0.0000 10.0000
20261.6388 312495.8696 400.9645 300187.306980000 -0.0000 0.0000 10.0000
20261.6250 312495.9478 400.9548 300187.316980000 -0.0000 0.0000 10.0000
20261.6113 312496.0260 400.9450 300187.326980000 -0.0000 0.0000 10.0000
20261.5975 312496.1042 400.9352 300187.336980000 -0.0000 0.0000 10.0000
20261.5837 312496.1824 400.9255 300187.346980000 -0.0000 0.0000 10.0000
20261.5699 312496.2606 400.9157 300187.356980000 -0.0000 0.0000 10.0000
20261.5561 312496.3388 400.9059 300187.366980000 -0.0000 0.0000 10.0000
20261.5423 312496.4170 400.8961 300187.376980000 -0.0000 0.0000 10.0000
20261.5285 312496.4951 400.8864 300187.386980000 -0.0000 0.0000 10.0000
20261.5147 312496.5733 400.8766 300187.396980000 -0.0000 0.0000 10.0000
20261.5010 312496.6515 400.8668 300187.406980000 -0.0000 0.0000 10.0000
20261.4872 312496.7297 400.8571 300187.416980000 -0.0000 0.0000 10.0000
20261.4734 312496.8079 400.8473 300187.426980000 -0.0000 0.0000 10.0000
20261.4596 312496.8861 400.8375 300187.436980000 -0.0000 0.0000 10.0000
20261.4458 312496.9643 400.8277 300187.446980000 -0.0000 0.0000 10.0000
20261.4320 312497.0425 400.8180 300187.456980000 -0.0000 0.0000 10.0000
20261.4182 312497.1207 400.8082 300187.466980000 -0.0000 0.0000 10.0000
20261.4044 312497.1989 400.7984 300187.476980000 -0.0000 0.0000 10.0000
20261.3906 312497.2771 400.7887 300187.486980000 -0.0000 0.0000 10.0000
20261.3769 312497.3553 400.7789 300187.496980000 -0.0000 0.0000 10.0000
20261.3631 312497.4335 400.7691 300187.506980000 -0.0000 0.0000 10.0000
20261.3493 312497.5117 400.7593 300187.516980000 -0.0000 0.0000 10.0000
20261.3355 312497.5899 400.7496 300187.526980000 -0.0000 0.0000 10.0000
20261.3217 312497.6681 400.7398 300187.536980000 -0.0000 0.0000 10.0000
20261.3079 312497.7463 400.7300 300187.546980000 -0.0000 0.0000 10.0000
20261.2941 312497.8245 400.7203 300187.556980000 -0.0000 0.0000 10.0000
20261.2803 312497.9027 400.7105 300187.566980000 -0.0000 0.0000 10.0000
20261.2666 312497.9808 400.7007 300187.576980000 -0.0000 0.0000 10.0000
20261.2528 312498.0590 400.6909 300187.586980000 -0.0000 0.0000 10.0000
20261.2390 312498.1372 400.6812 300187.596980000 -0.0000 0.0000 10.0000
20261.2252 312498.2154 400.6714 300187.606980000 -0.0000 0.0000 10.0000
20261.2114 312498.2936 400.6616 300187.616980000 -0.0000 0.0000 10.0000
20261.1976 312498.3718 400.6519 300187.626980000 -0.0000 0.0000 10.0000
20261.1838 312498.4500 400.6421 300187.636980000 -0.0000 0.0000 10.0000
20261.1700 312498.5282 400.6323 300187.646980000 -0.0000 0.0000 10.0000
20261.1563 312498.6064 400.6225 300187.656980000 -0.0000 0.0000 10.0000
20261.1425 312498.6846 400.6128 300187.666980000 -0.0000 0.0000 10.0000
20261.1287 312498.7628 400.6030 300187.676980000 -0.0000 0.0000 10.0000
20261.1149 312498.8410 400.5932 300187.686980000 -0.0000 0.0000 10.0000
20261.1011 312498.9192 400.5835 300187.696980000 -0.0000 0.0000 10.0000
20261.0873 312498.9974 400.5737 300187.706980000 -0.0000 0.0000 10.0000
20261.0735 312499.0756 400.5639 300187.716980000 -0.0000 0.0000 10.0000
20261.0597 312499.1538 400.5541 300187.726980000 -0.0000 0.0000 10.0000
20261.0460 312499.2320 400.5444 300187.736980000 -0.0000 0.0000 10.0000
20261.0322 312499.3102 400.5346 300187.746980000 -0.0000 0.0000 10.0000
20261.0184 312499.3884 400.5248 300187.756980000 -0.0000 0.0000 10.0000
20261.0046 312499.4665 400.5151 300187.766980000 -0.0000 0.0000 10.0000
20260.9908 312499.5447 400.5053 300187.776980000 -0.0000 0.0000 10.0000
20260.9770 312499.6229 400.4955 300187.786980000 -0.0000 0.0000 10.0000
20260.9632 312499.7011 400.4857 300187.796980000 -0.0000 0.0000 10.0000
20260.9494 312499.7793 400.4760 300187.806980000 -0.0000 0.0000 10.0000
20260.9357 312499.8575 400.4662 300187.816980000 -0.0000 0.0000 10.0000
20260.9219 312499.9357 400.4564 300187.826980000 -0.0000 0.0000 10.0000
20260.9081 312500.0139 400.4467 300187.836980000 -0.0000 0.0000 10.0000
20260.8943 312500.0921 400.4369 300187.846980000 -0.0000 0.0000 10.0000
20260.8805 312500.1703 400.4271 300187.856980000 -0.0000 0.0000 10.0000
20260.8667 312500.2485 400.4173 300187.866980000 -0.0000 0.0000 10.0000
20260.8529 312500.3267 400.4076 300187.876980000 -0.0000 0.0000 10.0000
20260.8391 312500.4049 400.3978 300187.886980000 -0.0000 0.0000 10.0000
20260.8253 312500.4831 400.3880 300187.896980000 -0.0000 0.0000 10.0000
20260.8116 312500.5613 400.3783 300187.906980000 -0.0000 0.0000 10.0000
20260.7978 312500.6395 400.3685 300187.916980000 -0.0000 0.0000 10.0000
20260.7840 312500.7177 400.3587 300187.926980000 -0.0000 0.0000 10.0000
20260.7702 312500.7959 400.3489 300187.936980000 -0.0000 0.0000 10.0000
20260.7564 312500.8741 400.3392 300187.946980000 -0.0000 0.0000 10.0000
20260.7426 312500.9522 400.3294 300187.956980000 -0.0000 0.0000 10.0000
20260.7288 312501.0304 400.3196 300187.966980000 -0.0000 0.0000 10.0000
20260.7150 312501.1086 400.3098 300187.976980000 -0.0000 0.0000 10.0000
20260.7013 312501.1868 400.3001 300187.986980000 -0.0000 0.0000 10.0000
20260.6875 312501.2650 400.2903 300187.996980000 -0.0000 0.0000 10.0000
20260.6737 312501.3432 400.2805 300188.006980000 -0.0000 0.0000 10.0000
20260.6599 312501.4214 400.2708 300188.016980000 -0.0000 0.0000 10.0000
20260.6461 312501.4996 400.2610 300188.026980000 -0.0000 0.0000 10.0000
20260.6323 312501.5778 400.2512 300188.036980000 -0.0000 0.0000 10.0000
20260.6185 312501.6560 400.2414 300188.046980000 -0.0000 0.0000 10.0000
20260.6047 312501.7342 400.2317 300188.056980000 -0.0000 0.0000 10.0000
20260.5910 312501.8124 400.2219 300188.066980000 -0.0000 0.0000 10.0000
20260.5772 312501.8906 400.2121 300188.076980000 -0.0000 0.0000 10.0000
20260.5634 312501.9688 400.2024 300188.086980000 -0.0000 0.0000 10.0000
20260.5496 312502.0470 400.1926 300188.096980000 -0.0000 0.0000 10.0000
20260.5358 312502.1252 400.1828 300188.106980000 -0.0000 0.0000 10.0000
20260.5220 312502.2034 400.1730 300188.116980000 -0.0000 0.0000 10.0000
20260.5082 312502.2816 400.1633 300188.126980000 -0.0000 0.0000 10.0000
20260.4944 312502.3598 400.1535 300188.136980000 -0.0000 0.0000 10.0000
20260.4807 312502.4379 400.1437 300188.146980000 -0.0000 0.0000 10.0000
20260.4669 312502.5161 400.1340 300188.156980000 -0.0000 0.0000 10.0000
20260.4531 312502.5943 400.1242 300188.166980000 -0.0000 0.0000 10.0000
20260.4393 312502.6725 400.1144 300188.176980000 -0.0000 0.0000 10.0000
20260.4255 312502.7507 400.1046 300188.186980000 -0.0000 0.0000 10.0000
20260.4117 312502.8289 400.0949 300188.196980000 -0.0000 0.0000 10.0000
20260.3979 312502.9071 400.0851 300188.206980000 -0.0000 0.0000 10.0000
20260.3841 312502.9853 400.0753 300188.216980000 -0.0000 0.0000 10.0000
20260.3704 312503.0635 400.0656 300188.226980000 -0.0000 0.0000 10.0000
20260.3566 312503.1417 400.0558 300188.236980000 -0.0000 0.0000 10.0000
20260.3428 312503.2199 400.0460 300188.246980000 -0.0000 0.0000 10.0000
20260.3290 312503.2981 400.0362 300188.256980000 -0.0000 0.0000 10.0000
20260.3152 312503.3763 400.0265 300188.266980000 -0.0000 0.0000 10.0000
20260.3014 312503.4545 400.0167 300188.276980000 -0.0000 0.0000 10.0000
20260.2876 312503.5327 400.0069 300188.286980000 -0.0000 0.0000 10.0000
20260.2738 312503.6109 399.9972 300188.296980000 -0.0000 0.0000 10.0000
20260.2600 312503.6891 399.9874 300188.306980000 -0.0000 0.0000 10.0000
20260.2463 312503.7673 399.9776 300188.316980000 -0.0000 0.0000 10.0000
20260.2325 312503.8454 399.9678 300188.326980000 -0.0000 0.0000 10.0000
20260.2187 312503.9236 399.9581 300188.336980000 -0.0000 0.0000 10.0000
20260.2049 312504.0018 399.9483 300188.346980000 -0.0000 0.0000 10.0000
20260.1911 312504.0800 399.9385 300188.356980000 -0.0000 0.0000 10.0000
20260.1773 312504.1582 399.9288 300188.366980000 -0.0000 0.0000 10.0000
20260.1635 312504.2364 399.9190 300188.376980000 -0.0000 0.0000 10.0000
20260.1497 312504.3146 399.9092 300188.386980000 -0.0000 0.0000 10.0000
20260.1360 312504.3928 399.8994 300188.396980000 -0.0000 0.0000 10.0000
20260.1222 312504.4710 399.8897 300188.406980000 -0.0000 0.0000 10.0000
20260.1084 312504.5492 399.8799 300188.416980000 -0.0000 0.0000 10.0000
20260.0946 312504.6274 399.8701 300188.426980000 -0.0000 0.0000 10.0000
20260.0808 312504.7056 399.8604 300188.436980000 -0.0000 0.0000 10.0000
20260.0670 312504.7838 399.8506 300188.446980000 -0.0000 0.0000 10.0000
20260.0532 312504.8620 399.8408 300188.456980000 -0.0000 0.0000 10.0000
20260.0394 312504.9402 399.8310 300188.466980000 -0.0000 0.0000 10.0000
20260.0257 312505.0184 399.8213 300188.476980000 -0.0000 0.0000 10.0000
20260.0119 312505.0966 399.8115 300188.486980000 -0.0000 0.0000 10.0000
20259.9981 312505.1748 399.8017 300188.496980000 -0.0000 0.0000 10.0000
20259.9843 312505.2530 399.7920 300188.506980000 -0.0000 0.0000 10.0000
20259.9705 312505.3311 399.7822 300188.516980000 -0.0000 0.0000 10.0000
20259.9567 312505.4093 399.7724 300188.526980000 -0.0000 0.0000 10.0000
20259.9429 312505.4875 399.7626 300188.536980000 -0.0000 0.0000 10.0000
20259.9291 312505.5657 399.7529 300188.546980000 -0.0000 0.0000 10.0000
20259.9154 312505.6439 399.7431 300188.556980000 -0.0000 0.0000 10.0000
20259.9016 312505.7221 399.7333 300188.566980000 -0.0000 0.0000 10.0000
20259.8878 312505.8003 399.7236 300188.576980000 -0.0000 0.0000 10.0000
20259.8740 312505.8785 399.7138 300188.586980000 -0.0000 0.0000 10.0000
20259.8602 312505.9567 399.7040 300188.596980000 -0.0000 0.0000 10.0000
20259.8464 312506.0349 399.6942 300188.606980000 -0.0000 0.0000 10.0000
20259.8326 312506.1131 399.6845 300188.616980000 -0.0000 0.0000 10.0000
20259.8188 312506.1913 399.6747 300188.626980000 -0.0000 0.0000 10.0000
20259.8051 312506.2695 399.6649 300188.636980000 -0.0000 0.0000 10.0000
20259.7913 312506.3477 399.6552 300188.646980000 -0.0000 0.0000 10.0000
20259.7775 312506.4259 399.6454 300188.656980000 -0.0000 0.0000 10.0000
20259.7637 312506.5041 399.6356 300188.666980000 -0.0000 0.0000 10.0000
20259.7499 312506.5823 399.6258 300188.676980000 -0.0000 0.0000 10.0000
20259.7361 312506.6605 399.6161 300188.686980000 -0.0000 0.0000 10.0000
20259.7223 312506.7387 399.6063 300188.696980000 -0.0000 0.0000 10.0000
20259.7085 312506.8168 399.5965 300188.706980000 -0.0000 0.0000 10.0000
20259.6947 312506.8950 399.5868 300188.716980000 -0.0000 0.0000 10.0000
20259.6810 312506.9732 399.5770 300188.726980000 -0.0000 0.0000 10.0000
20259.6672 312507.0514 399.5672 300188.736980000 -0.0000 0.0000 10.0000
20259.6534 312507.1296 399.5574 300188.746980000 -0.0000 0.0000 10.0000
20259.6396 312507.2078 399.5477 300188.756980000 -0.0000 0.0000 10.0000
20259.6258 312507.2860 399.5379 300188.766980000 -0.0000 0.0000 10.0000
20259.6120 312507.3642 399.5281 300188.776980000 -0.0000 0.0000 10.0000
20259.5982 312507.4424 399.5183 300188.786980000 -0.0000 0.0000 10.0000
20259.5844 312507.5206 399.5086 300188.796980000 -0.0000 0.0000 10.0000
20259.5707 312507.5988 399.4988 300188.806980000 -0.0000 0.0000 10.0000
20259.5569 312507.6770 399.4890 300188.816980000 -0.0000 0.0000 10.0000
20259.5431 312507.7552 399.4793 300188.826980000 -0.0000 0.0000 10.0000
20259.5293 312507.8334 399.4695 300188.836980000 -0.0000 0.0000 10.0000
20259.5155 312507.9116 399.4597 300188.846980000 -0.0000 0.0000 10.0000
20259.5017 312507.9898 399.4499 300188.856980000 -0.0000 0.0000 10.0000
20259.4879 312508.0680 399.4402 300188.866980000 -0.0000 0.0000 10.0000
20259.4741 312508.1462 399.4304 300188.876980000 -0.0000 0.0000 10.0000
20259.4604 312508.2244 399.4206 300188.886980000 -0.0000 0.0000 10.0000
20259.4466 312508.3025 399.4109 300188.896980000 -0.0000 0.0000 10.0000
20259.4328 312508.3807 399.4011 300188.906980000 -0.0000 0.0000 10.0000
20259.4190 312508.4589 399.3913 300188.916980000 -0.0000 0.0000 10.0000
20259.4052 312508.5371 399.3815 300188.926980000 -0.0000 0.0000 10.0000
20259.3914 312508.6153 399.3718 300188.936980000 -0.0000 0.0000 10.0000
20259.3776 312508.6935 399.3620 300188.946980000 -0.0000 0.0000 10.0000
20259.3638 312508.7717 399.3522 300188.956980000 -0.0000 0.0000 10.0000
20259.3501 312508.8499 399.3425 300188.966980000 -0.0000 0.0000 10.0000
20259.3363 312508.9281 399.3327 300188.976980000 -0.0000 0.0000 10.0000
20259.3225 312509.0063 399.3229 300188.986980000 -0.0000 0.0000 10.0000
20259.3087 312509.0845 399.3131 300188.996980000 -0.0000 0.0000 10.0000
20259.2949 312509.1627 399.3034 300189.006980000 -0.0000 0.0000 10.0000
20259.2811 312509.2409 399.2936 300189.016980000 -0.0000 0.0000 10.0000
20259.2673 312509.3191 399.2838 300189.026980000 -0.0000 0.0000 10.0000
20259.2535 312509.3973 399.2741 300189.036980000 -0.0000 0.0000 10.0000
20259.2398 312509.4755 399.2643 300189.046980000 -0.0000 0.0000 10.0000
20259.2260 312509.5537 399.2545 300189.056980000 -0.0000 0.0000 10.0000
20259.2122 312509.6319 399.2447 300189.066980000 -0.0000 0.0000 10.0000
20259.1984 312509.7101 399.2350 300189.076980000 -0.0000 0.0000 10.0000
20259.1846 312509.7882 399.2252 300189.086980000 -0.0000 0.0000 10.0000
20259.1708 312509.8664 399.2154 300189.096980000 -0.0000 0.0000 10.0000
20259.1570 312509.9446 399.2057 300189.106980000 -0.0000 0.0000 10.0000
20259.1432 312510.0228 399.1959 300189.116980000 -0.0000 0.0000 10.0000
20259.1294 312510.1010 399.1861 300189.126980000 -0.0000 0.0000 10.0000
20259.1157 312510.1792 399.1763 300189.136980000 -0.0000 0.0000 10.0000
20259.1019 312510.2574 399.1666 300189.146980000 -0.0000 0.0000 10.0000
20259.0881 312510.3356 399.1568 300189.156980000 -0.0000 0.0000 10.0000
20259.0743 312510.4138 399.1470 300189.166980000 -0.0000 0.0000 10.0000
20259.0605 312510.4920 399.1373 300189.176980000 -0.0000 0.0000 10.0000
20259.0467 312510.5702 399.1275 300189.186980000 -0.0000 0.0000 10.0000
20259.0329 312510.6484 399.1177 300189.196980000 -0.0000 0.0000 10.0000
20259.0191 312510.7266 399.1079 300189.206980000 -0.0000 0.0000 10.0000
20259.0054 312510.8048 399.0982 300189.216980000 -0.0000 0.0000 10.0000
20258.9916 312510.8830 399.0884 300189.226980000 -0.0000 0.0000 10.0000
20258.9778 312510.9612 399.0786 300189.236980000 -0.0000 0.0000 10.0000
20258.9640 312511.0394 399.0689 300189.246980000 -0.0000 0.0000 10.0000
20258.9502 312511.1176 399.0591 300189.256980000 -0.0000 0.0000 10.0000
20258.9364 312511.1958 399.0493 300189.266980000 -0.0000 0.0000 10.0000
20258.9226 312511.2739 399.0395 300189.276980000 -0.0000 0.0000 10.0000
20258.9088 312511.3521 399.0298 300189.286980000 -0.0000 0.0000 10.0000
20258.8951 312511.4303 399.0200 300189.296980000 -0.0000 0.0000 10.0000
20258.8813 312511.5085 399.0102 300189.306980000 -0.0000 0.0000 10.0000
20258.8675 312511.5867 399.0005 300189.316980000 -0.0000 0.0000 10.0000
20258.8537 312511.6649 398.9907 300189.326980000 -0.0000 0.0000 10.0000
20258.8399 312511.7431 398.9809 300189.336980000 -0.0000 0.0000 10.0000
20258.8261 312511.8213 398.9711 300189.346980000 -0.0000 0.0000 10.0000
20258.8123 312511.8995 398.9614 300189.356980000 -0.0000 0.0000 10.0000
20258.7985 312511.9777 398.9516 300189.366980000 -0.0000 0.0000 10.0000
